 frequency       onoise_spectrum
 1.00000000e-01  3.17878802e-05 
 1.02329299e-01  3.14794885e-05 
 1.04712855e-01  3.11740905e-05 
 1.07151931e-01  3.08716573e-05 
 1.09647820e-01  3.05721600e-05 
 1.12201845e-01  3.02755700e-05 
 1.14815362e-01  2.99818592e-05 
 1.17489755e-01  2.96909995e-05 
 1.20226443e-01  2.94029634e-05 
 1.23026877e-01  2.91177233e-05 
 1.25892541e-01  2.88352520e-05 
 1.28824955e-01  2.85555228e-05 
 1.31825674e-01  2.82785090e-05 
 1.34896288e-01  2.80041841e-05 
 1.38038426e-01  2.77325221e-05 
 1.41253754e-01  2.74634971e-05 
 1.44543977e-01  2.71970835e-05 
 1.47910839e-01  2.69332559e-05 
 1.51356125e-01  2.66719892e-05 
 1.54881662e-01  2.64132586e-05 
 1.58489319e-01  2.61570393e-05 
 1.62181010e-01  2.59033071e-05 
 1.65958691e-01  2.56520377e-05 
 1.69824365e-01  2.54032072e-05 
 1.73780083e-01  2.51567920e-05 
 1.77827941e-01  2.49127686e-05 
 1.81970086e-01  2.46711137e-05 
 1.86208714e-01  2.44318044e-05 
 1.90546072e-01  2.41948178e-05 
 1.94984460e-01  2.39601315e-05 
 1.99526231e-01  2.37277230e-05 
 2.04173794e-01  2.34975703e-05 
 2.08929613e-01  2.32696514e-05 
 2.13796209e-01  2.30439446e-05 
 2.18776162e-01  2.28204286e-05 
 2.23872114e-01  2.25990818e-05 
 2.29086765e-01  2.23798835e-05 
 2.34422882e-01  2.21628125e-05 
 2.39883292e-01  2.19478484e-05 
 2.45470892e-01  2.17349706e-05 
 2.51188643e-01  2.15241588e-05 
 2.57039578e-01  2.13153931e-05 
 2.63026799e-01  2.11086535e-05 
 2.69153480e-01  2.09039203e-05 
 2.75422870e-01  2.07011741e-05 
 2.81838293e-01  2.05003956e-05 
 2.88403150e-01  2.03015657e-05 
 2.95120923e-01  2.01046654e-05 
 3.01995172e-01  1.99096760e-05 
 3.09029543e-01  1.97165790e-05 
 3.16227766e-01  1.95253559e-05 
 3.23593657e-01  1.93359887e-05 
 3.31131121e-01  1.91484591e-05 
 3.38844156e-01  1.89627495e-05 
 3.46736850e-01  1.87788421e-05 
 3.54813389e-01  1.85967195e-05 
 3.63078055e-01  1.84163642e-05 
 3.71535229e-01  1.82377593e-05 
 3.80189396e-01  1.80608875e-05 
 3.89045145e-01  1.78857322e-05 
 3.98107171e-01  1.77122766e-05 
 4.07380278e-01  1.75405043e-05 
 4.16869383e-01  1.73703989e-05 
 4.26579519e-01  1.72019441e-05 
 4.36515832e-01  1.70351241e-05 
 4.46683592e-01  1.68699229e-05 
 4.57088190e-01  1.67063248e-05 
 4.67735141e-01  1.65443142e-05 
 4.78630092e-01  1.63838758e-05 
 4.89778819e-01  1.62249942e-05 
 5.01187234e-01  1.60676543e-05 
 5.12861384e-01  1.59118412e-05 
 5.24807460e-01  1.57575400e-05 
 5.37031796e-01  1.56047361e-05 
 5.49540874e-01  1.54534150e-05 
 5.62341325e-01  1.53035621e-05 
 5.75439937e-01  1.51551633e-05 
 5.88843655e-01  1.50082045e-05 
 6.02559586e-01  1.48626717e-05 
 6.16595002e-01  1.47185510e-05 
 6.30957344e-01  1.45758287e-05 
 6.45654229e-01  1.44344913e-05 
 6.60693448e-01  1.42945252e-05 
 6.76082975e-01  1.41559173e-05 
 6.91830971e-01  1.40186542e-05 
 7.07945784e-01  1.38827230e-05 
 7.24435960e-01  1.37481107e-05 
 7.41310241e-01  1.36148045e-05 
 7.58577575e-01  1.34827918e-05 
 7.76247117e-01  1.33520599e-05 
 7.94328235e-01  1.32225964e-05 
 8.12830516e-01  1.30943891e-05 
 8.31763771e-01  1.29674257e-05 
 8.51138038e-01  1.28416941e-05 
 8.70963590e-01  1.27171825e-05 
 8.91250938e-01  1.25938789e-05 
 9.12010839e-01  1.24717716e-05 
 9.33254301e-01  1.23508490e-05 
 9.54992586e-01  1.22310997e-05 
 9.77237221e-01  1.21125121e-05 
 1.00000000e+00  1.19950751e-05 
 1.02329299e+00  1.18787775e-05 
 1.04712855e+00  1.17636082e-05 
 1.07151931e+00  1.16495563e-05 
 1.09647820e+00  1.15366108e-05 
 1.12201845e+00  1.14247612e-05 
 1.14815362e+00  1.13139967e-05 
 1.17489755e+00  1.12043067e-05 
 1.20226443e+00  1.10956810e-05 
 1.23026877e+00  1.09881091e-05 
 1.25892541e+00  1.08815808e-05 
 1.28824955e+00  1.07760860e-05 
 1.31825674e+00  1.06716147e-05 
 1.34896288e+00  1.05681568e-05 
 1.38038426e+00  1.04657027e-05 
 1.41253754e+00  1.03642425e-05 
 1.44543977e+00  1.02637665e-05 
 1.47910839e+00  1.01642653e-05 
 1.51356125e+00  1.00657294e-05 
 1.54881662e+00  9.96814944e-06 
 1.58489319e+00  9.87151606e-06 
 1.62181010e+00  9.77582013e-06 
 1.65958691e+00  9.68105254e-06 
 1.69824365e+00  9.58720429e-06 
 1.73780083e+00  9.49426644e-06 
 1.77827941e+00  9.40223017e-06 
 1.81970086e+00  9.31108672e-06 
 1.86208714e+00  9.22082743e-06 
 1.90546072e+00  9.13144371e-06 
 1.94984460e+00  9.04292708e-06 
 1.99526231e+00  8.95526911e-06 
 2.04173794e+00  8.86846147e-06 
 2.08929613e+00  8.78249591e-06 
 2.13796209e+00  8.69736426e-06 
 2.18776162e+00  8.61305842e-06 
 2.23872114e+00  8.52957037e-06 
 2.29086765e+00  8.44689219e-06 
 2.34422882e+00  8.36501601e-06 
 2.39883292e+00  8.28393405e-06 
 2.45470892e+00  8.20363861e-06 
 2.51188643e+00  8.12412204e-06 
 2.57039578e+00  8.04537679e-06 
 2.63026799e+00  7.96739538e-06 
 2.69153480e+00  7.89017039e-06 
 2.75422870e+00  7.81369449e-06 
 2.81838293e+00  7.73796039e-06 
 2.88403150e+00  7.66296092e-06 
 2.95120923e+00  7.58868893e-06 
 3.01995172e+00  7.51513736e-06 
 3.09029543e+00  7.44229924e-06 
 3.16227766e+00  7.37016762e-06 
 3.23593657e+00  7.29873567e-06 
 3.31131121e+00  7.22799658e-06 
 3.38844156e+00  7.15794363e-06 
 3.46736850e+00  7.08857018e-06 
 3.54813389e+00  7.01986962e-06 
 3.63078055e+00  6.95183542e-06 
 3.71535229e+00  6.88446112e-06 
 3.80189396e+00  6.81774032e-06 
 3.89045145e+00  6.75166668e-06 
 3.98107171e+00  6.68623391e-06 
 4.07380278e+00  6.62143580e-06 
 4.16869383e+00  6.55726618e-06 
 4.26579519e+00  6.49371897e-06 
 4.36515832e+00  6.43078813e-06 
 4.46683592e+00  6.36846766e-06 
 4.57088190e+00  6.30675166e-06 
 4.67735141e+00  6.24563425e-06 
 4.78630092e+00  6.18510963e-06 
 4.89778819e+00  6.12517205e-06 
 5.01187234e+00  6.06581581e-06 
 5.12861384e+00  6.00703528e-06 
 5.24807460e+00  5.94882485e-06 
 5.37031796e+00  5.89117902e-06 
 5.49540874e+00  5.83409229e-06 
 5.62341325e+00  5.77755925e-06 
 5.75439937e+00  5.72157452e-06 
 5.88843655e+00  5.66613278e-06 
 6.02559586e+00  5.61122876e-06 
 6.16595002e+00  5.55685726e-06 
 6.30957344e+00  5.50301310e-06 
 6.45654229e+00  5.44969116e-06 
 6.60693448e+00  5.39688639e-06 
 6.76082975e+00  5.34459376e-06 
 6.91830971e+00  5.29280830e-06 
 7.07945784e+00  5.24152511e-06 
 7.24435960e+00  5.19073929e-06 
 7.41310241e+00  5.14044604e-06 
 7.58577575e+00  5.09064057e-06 
 7.76247117e+00  5.04131814e-06 
 7.94328235e+00  4.99247409e-06 
 8.12830516e+00  4.94410375e-06 
 8.31763771e+00  4.89620255e-06 
 8.51138038e+00  4.84876592e-06 
 8.70963590e+00  4.80178937e-06 
 8.91250938e+00  4.75526842e-06 
 9.12010839e+00  4.70919867e-06 
 9.33254301e+00  4.66357573e-06 
 9.54992586e+00  4.61839528e-06 
 9.77237221e+00  4.57365301e-06 
 1.00000000e+01  4.52934468e-06 
 1.02329299e+01  4.48546608e-06 
 1.04712855e+01  4.44201305e-06 
 1.07151931e+01  4.39898145e-06 
 1.09647820e+01  4.35636720e-06 
 1.12201845e+01  4.31416624e-06 
 1.14815362e+01  4.27237459e-06 
 1.17489755e+01  4.23098825e-06 
 1.20226443e+01  4.19000331e-06 
 1.23026877e+01  4.14941586e-06 
 1.25892541e+01  4.10922206e-06 
 1.28824955e+01  4.06941809e-06 
 1.31825674e+01  4.03000016e-06 
 1.34896288e+01  3.99096454e-06 
 1.38038426e+01  3.95230751e-06 
 1.41253754e+01  3.91402541e-06 
 1.44543977e+01  3.87611460e-06 
 1.47910839e+01  3.83857147e-06 
 1.51356125e+01  3.80139247e-06 
 1.54881662e+01  3.76457406e-06 
 1.58489319e+01  3.72811274e-06 
 1.62181010e+01  3.69200506e-06 
 1.65958691e+01  3.65624759e-06 
 1.69824365e+01  3.62083692e-06 
 1.73780083e+01  3.58576970e-06 
 1.77827941e+01  3.55104259e-06 
 1.81970086e+01  3.51665231e-06 
 1.86208714e+01  3.48259557e-06 
 1.90546072e+01  3.44886916e-06 
 1.94984460e+01  3.41546986e-06 
 1.99526231e+01  3.38239451e-06 
 2.04173794e+01  3.34963996e-06 
 2.08929613e+01  3.31720311e-06 
 2.13796209e+01  3.28508087e-06 
 2.18776162e+01  3.25327019e-06 
 2.23872114e+01  3.22176806e-06 
 2.29086765e+01  3.19057149e-06 
 2.34422882e+01  3.15967750e-06 
 2.39883292e+01  3.12908317e-06 
 2.45470892e+01  3.09878560e-06 
 2.51188643e+01  3.06878190e-06 
 2.57039578e+01  3.03906923e-06 
 2.63026799e+01  3.00964476e-06 
 2.69153480e+01  2.98050571e-06 
 2.75422870e+01  2.95164931e-06 
 2.81838293e+01  2.92307281e-06 
 2.88403150e+01  2.89477351e-06 
 2.95120923e+01  2.86674872e-06 
 3.01995172e+01  2.83899577e-06 
 3.09029543e+01  2.81151204e-06 
 3.16227766e+01  2.78429491e-06 
 3.23593657e+01  2.75734180e-06 
 3.31131121e+01  2.73065015e-06 
 3.38844156e+01  2.70421742e-06 
 3.46736850e+01  2.67804112e-06 
 3.54813389e+01  2.65211875e-06 
 3.63078055e+01  2.62644785e-06 
 3.71535229e+01  2.60102599e-06 
 3.80189396e+01  2.57585075e-06 
 3.89045145e+01  2.55091974e-06 
 3.98107171e+01  2.52623060e-06 
 4.07380278e+01  2.50178099e-06 
 4.16869383e+01  2.47756857e-06 
 4.26579519e+01  2.45359106e-06 
 4.36515832e+01  2.42984618e-06 
 4.46683592e+01  2.40633167e-06 
 4.57088190e+01  2.38304531e-06 
 4.67735141e+01  2.35998487e-06 
 4.78630092e+01  2.33714818e-06 
 4.89778819e+01  2.31453307e-06 
 5.01187234e+01  2.29213738e-06 
 5.12861384e+01  2.26995900e-06 
 5.24807460e+01  2.24799582e-06 
 5.37031796e+01  2.22624576e-06 
 5.49540874e+01  2.20470674e-06 
 5.62341325e+01  2.18337673e-06 
 5.75439937e+01  2.16225371e-06 
 5.88843655e+01  2.14133566e-06 
 6.02559586e+01  2.12062060e-06 
 6.16595002e+01  2.10010657e-06 
 6.30957344e+01  2.07979162e-06 
 6.45654229e+01  2.05967382e-06 
 6.60693448e+01  2.03975126e-06 
 6.76082975e+01  2.02002205e-06 
 6.91830971e+01  2.00048433e-06 
 7.07945784e+01  1.98113623e-06 
 7.24435960e+01  1.96197592e-06 
 7.41310241e+01  1.94300158e-06 
 7.58577575e+01  1.92421141e-06 
 7.76247117e+01  1.90560363e-06 
 7.94328235e+01  1.88717648e-06 
 8.12830516e+01  1.86892819e-06 
 8.31763771e+01  1.85085705e-06 
 8.51138038e+01  1.83296134e-06 
 8.70963590e+01  1.81523935e-06 
 8.91250938e+01  1.79768942e-06 
 9.12010839e+01  1.78030987e-06 
 9.33254301e+01  1.76309905e-06 
 9.54992586e+01  1.74605533e-06 
 9.77237221e+01  1.72917709e-06 
 1.00000000e+02  1.71246274e-06 
 1.02329299e+02  1.69591068e-06 
 1.04712855e+02  1.67951935e-06 
 1.07151931e+02  1.66328719e-06 
 1.09647820e+02  1.64721266e-06 
 1.12201845e+02  1.63129424e-06 
 1.14815362e+02  1.61553041e-06 
 1.17489755e+02  1.59991969e-06 
 1.20226443e+02  1.58446058e-06 
 1.23026877e+02  1.56915162e-06 
 1.25892541e+02  1.55399137e-06 
 1.28824955e+02  1.53897837e-06 
 1.31825674e+02  1.52411121e-06 
 1.34896288e+02  1.50938849e-06 
 1.38038426e+02  1.49480879e-06 
 1.41253754e+02  1.48037073e-06 
 1.44543977e+02  1.46607296e-06 
 1.47910839e+02  1.45191411e-06 
 1.51356125e+02  1.43789283e-06 
 1.54881662e+02  1.42400781e-06 
 1.58489319e+02  1.41025771e-06 
 1.62181010e+02  1.39664124e-06 
 1.65958691e+02  1.38315711e-06 
 1.69824365e+02  1.36980403e-06 
 1.73780083e+02  1.35658075e-06 
 1.77827941e+02  1.34348599e-06 
 1.81970086e+02  1.33051854e-06 
 1.86208714e+02  1.31767714e-06 
 1.90546072e+02  1.30496059e-06 
 1.94984460e+02  1.29236768e-06 
 1.99526231e+02  1.27989721e-06 
 2.04173794e+02  1.26754800e-06 
 2.08929613e+02  1.25531889e-06 
 2.13796209e+02  1.24320870e-06 
 2.18776162e+02  1.23121630e-06 
 2.23872114e+02  1.21934054e-06 
 2.29086765e+02  1.20758029e-06 
 2.34422882e+02  1.19593445e-06 
 2.39883292e+02  1.18440191e-06 
 2.45470892e+02  1.17298158e-06 
 2.51188643e+02  1.16167236e-06 
 2.57039578e+02  1.15047319e-06 
 2.63026799e+02  1.13938301e-06 
 2.69153480e+02  1.12840077e-06 
 2.75422870e+02  1.11752541e-06 
 2.81838293e+02  1.10675592e-06 
 2.88403150e+02  1.09609127e-06 
 2.95120923e+02  1.08553045e-06 
 3.01995172e+02  1.07507246e-06 
 3.09029543e+02  1.06471630e-06 
 3.16227766e+02  1.05446099e-06 
 3.23593657e+02  1.04430557e-06 
 3.31131121e+02  1.03424906e-06 
 3.38844156e+02  1.02429052e-06 
 3.46736850e+02  1.01442900e-06 
 3.54813389e+02  1.00466356e-06 
 3.63078055e+02  9.94993278e-07 
 3.71535229e+02  9.85417240e-07 
 3.80189396e+02  9.75934536e-07 
 3.89045145e+02  9.66544266e-07 
 3.98107171e+02  9.57245539e-07 
 4.07380278e+02  9.48037475e-07 
 4.16869383e+02  9.38919199e-07 
 4.26579519e+02  9.29889848e-07 
 4.36515832e+02  9.20948565e-07 
 4.46683592e+02  9.12094501e-07 
 4.57088190e+02  9.03326819e-07 
 4.67735141e+02  8.94644685e-07 
 4.78630092e+02  8.86047277e-07 
 4.89778819e+02  8.77533780e-07 
 5.01187234e+02  8.69103386e-07 
 5.12861384e+02  8.60755296e-07 
 5.24807460e+02  8.52488718e-07 
 5.37031796e+02  8.44302869e-07 
 5.49540874e+02  8.36196972e-07 
 5.62341325e+02  8.28170259e-07 
 5.75439937e+02  8.20221968e-07 
 5.88843655e+02  8.12351346e-07 
 6.02559586e+02  8.04557647e-07 
 6.16595002e+02  7.96840131e-07 
 6.30957344e+02  7.89198067e-07 
 6.45654229e+02  7.81630730e-07 
 6.60693448e+02  7.74137402e-07 
 6.76082975e+02  7.66717374e-07 
 6.91830971e+02  7.59369941e-07 
 7.07945784e+02  7.52094407e-07 
 7.24435960e+02  7.44890082e-07 
 7.41310241e+02  7.37756282e-07 
 7.58577575e+02  7.30692332e-07 
 7.76247117e+02  7.23697561e-07 
 7.94328235e+02  7.16771306e-07 
 8.12830516e+02  7.09912911e-07 
 8.31763771e+02  7.03121725e-07 
 8.51138038e+02  6.96397104e-07 
 8.70963590e+02  6.89738410e-07 
 8.91250938e+02  6.83145012e-07 
 9.12010839e+02  6.76616285e-07 
 9.33254301e+02  6.70151609e-07 
 9.54992586e+02  6.63750372e-07 
 9.77237221e+02  6.57411967e-07 
 1.00000000e+03  6.51135792e-07 
 1.02329299e+03  6.44921252e-07 
 1.04712855e+03  6.38767758e-07 
 1.07151931e+03  6.32674727e-07 
 1.09647820e+03  6.26641580e-07 
 1.12201845e+03  6.20667745e-07 
 1.14815362e+03  6.14752656e-07 
 1.17489755e+03  6.08895751e-07 
 1.20226443e+03  6.03096476e-07 
 1.23026877e+03  5.97354280e-07 
 1.25892541e+03  5.91668619e-07 
 1.28824955e+03  5.86038952e-07 
 1.31825674e+03  5.80464747e-07 
 1.34896288e+03  5.74945475e-07 
 1.38038426e+03  5.69480611e-07 
 1.41253754e+03  5.64069638e-07 
 1.44543977e+03  5.58712042e-07 
 1.47910839e+03  5.53407315e-07 
 1.51356125e+03  5.48154954e-07 
 1.54881662e+03  5.42954460e-07 
 1.58489319e+03  5.37805340e-07 
 1.62181010e+03  5.32707106e-07 
 1.65958691e+03  5.27659273e-07 
 1.69824365e+03  5.22661363e-07 
 1.73780083e+03  5.17712901e-07 
 1.77827941e+03  5.12813418e-07 
 1.81970086e+03  5.07962449e-07 
 1.86208714e+03  5.03159533e-07 
 1.90546072e+03  4.98404214e-07 
 1.94984460e+03  4.93696042e-07 
 1.99526231e+03  4.89034569e-07 
 2.04173794e+03  4.84419353e-07 
 2.08929613e+03  4.79849955e-07 
 2.13796209e+03  4.75325942e-07 
 2.18776162e+03  4.70846884e-07 
 2.23872114e+03  4.66412356e-07 
 2.29086765e+03  4.62021936e-07 
 2.34422882e+03  4.57675209e-07 
 2.39883292e+03  4.53371760e-07 
 2.45470892e+03  4.49111181e-07 
 2.51188643e+03  4.44893067e-07 
 2.57039578e+03  4.40717018e-07 
 2.63026799e+03  4.36582637e-07 
 2.69153480e+03  4.32489530e-07 
 2.75422870e+03  4.28437310e-07 
 2.81838293e+03  4.24425590e-07 
 2.88403150e+03  4.20453989e-07 
 2.95120923e+03  4.16522130e-07 
 3.01995172e+03  4.12629639e-07 
 3.09029543e+03  4.08776146e-07 
 3.16227766e+03  4.04961284e-07 
 3.23593657e+03  4.01184690e-07 
 3.31131121e+03  3.97446005e-07 
 3.38844156e+03  3.93744873e-07 
 3.46736850e+03  3.90080942e-07 
 3.54813389e+03  3.86453864e-07 
 3.63078055e+03  3.82863292e-07 
 3.71535229e+03  3.79308885e-07 
 3.80189396e+03  3.75790305e-07 
 3.89045145e+03  3.72307216e-07 
 3.98107171e+03  3.68859286e-07 
 4.07380278e+03  3.65446188e-07 
 4.16869383e+03  3.62067594e-07 
 4.26579519e+03  3.58723184e-07 
 4.36515832e+03  3.55412638e-07 
 4.46683592e+03  3.52135641e-07 
 4.57088190e+03  3.48891880e-07 
 4.67735141e+03  3.45681045e-07 
 4.78630092e+03  3.42502830e-07 
 4.89778819e+03  3.39356930e-07 
 5.01187234e+03  3.36243047e-07 
 5.12861384e+03  3.33160882e-07 
 5.24807460e+03  3.30110140e-07 
 5.37031796e+03  3.27090529e-07 
 5.49540874e+03  3.24101762e-07 
 5.62341325e+03  3.21143551e-07 
 5.75439937e+03  3.18215615e-07 
 5.88843655e+03  3.15317671e-07 
 6.02559586e+03  3.12449443e-07 
 6.16595002e+03  3.09610655e-07 
 6.30957344e+03  3.06801036e-07 
 6.45654229e+03  3.04020316e-07 
 6.60693448e+03  3.01268227e-07 
 6.76082975e+03  2.98544507e-07 
 6.91830971e+03  2.95848892e-07 
 7.07945784e+03  2.93181124e-07 
 7.24435960e+03  2.90540946e-07 
 7.41310241e+03  2.87928103e-07 
 7.58577575e+03  2.85342346e-07 
 7.76247117e+03  2.82783423e-07 
 7.94328235e+03  2.80251089e-07 
 8.12830516e+03  2.77745098e-07 
 8.31763771e+03  2.75265210e-07 
 8.51138038e+03  2.72811184e-07 
 8.70963590e+03  2.70382783e-07 
 8.91250938e+03  2.67979772e-07 
 9.12010839e+03  2.65601919e-07 
 9.33254301e+03  2.63248992e-07 
 9.54992586e+03  2.60920763e-07 
 9.77237221e+03  2.58617007e-07 
 1.00000000e+04  2.56337498e-07 
 1.02329299e+04  2.54082017e-07 
 1.04712855e+04  2.51850342e-07 
 1.07151931e+04  2.49642256e-07 
 1.09647820e+04  2.47457544e-07 
 1.12201845e+04  2.45295993e-07 
 1.14815362e+04  2.43157390e-07 
 1.17489755e+04  2.41041526e-07 
 1.20226443e+04  2.38948193e-07 
 1.23026877e+04  2.36877187e-07 
 1.25892541e+04  2.34828304e-07 
 1.28824955e+04  2.32801341e-07 
 1.31825674e+04  2.30796099e-07 
 1.34896288e+04  2.28812379e-07 
 1.38038426e+04  2.26849986e-07 
 1.41253754e+04  2.24908726e-07 
 1.44543977e+04  2.22988405e-07 
 1.47910839e+04  2.21088832e-07 
 1.51356125e+04  2.19209819e-07 
 1.54881662e+04  2.17351178e-07 
 1.58489319e+04  2.15512724e-07 
 1.62181010e+04  2.13694271e-07 
 1.65958691e+04  2.11895638e-07 
 1.69824365e+04  2.10116644e-07 
 1.73780083e+04  2.08357109e-07 
 1.77827941e+04  2.06616856e-07 
 1.81970086e+04  2.04895709e-07 
 1.86208714e+04  2.03193493e-07 
 1.90546072e+04  2.01510034e-07 
 1.94984460e+04  1.99845161e-07 
 1.99526231e+04  1.98198704e-07 
 2.04173794e+04  1.96570494e-07 
 2.08929613e+04  1.94960364e-07 
 2.13796209e+04  1.93368147e-07 
 2.18776162e+04  1.91793678e-07 
 2.23872114e+04  1.90236795e-07 
 2.29086765e+04  1.88697335e-07 
 2.34422882e+04  1.87175137e-07 
 2.39883292e+04  1.85670042e-07 
 2.45470892e+04  1.84181892e-07 
 2.51188643e+04  1.82710529e-07 
 2.57039578e+04  1.81255797e-07 
 2.63026799e+04  1.79817542e-07 
 2.69153480e+04  1.78395609e-07 
 2.75422870e+04  1.76989847e-07 
 2.81838293e+04  1.75600104e-07 
 2.88403150e+04  1.74226229e-07 
 2.95120923e+04  1.72868074e-07 
 3.01995172e+04  1.71525489e-07 
 3.09029543e+04  1.70198327e-07 
 3.16227766e+04  1.68886442e-07 
 3.23593657e+04  1.67589689e-07 
 3.31131121e+04  1.66307922e-07 
 3.38844156e+04  1.65040998e-07 
 3.46736850e+04  1.63788774e-07 
 3.54813389e+04  1.62551108e-07 
 3.63078055e+04  1.61327859e-07 
 3.71535229e+04  1.60118886e-07 
 3.80189396e+04  1.58924050e-07 
 3.89045145e+04  1.57743211e-07 
 3.98107171e+04  1.56576231e-07 
 4.07380278e+04  1.55422972e-07 
 4.16869383e+04  1.54283298e-07 
 4.26579519e+04  1.53157072e-07 
 4.36515832e+04  1.52044158e-07 
 4.46683592e+04  1.50944420e-07 
 4.57088190e+04  1.49857723e-07 
 4.67735141e+04  1.48783935e-07 
 4.78630092e+04  1.47722919e-07 
 4.89778819e+04  1.46674543e-07 
 5.01187234e+04  1.45638674e-07 
 5.12861384e+04  1.44615179e-07 
 5.24807460e+04  1.43603926e-07 
 5.37031796e+04  1.42604781e-07 
 5.49540874e+04  1.41617614e-07 
 5.62341325e+04  1.40642292e-07 
 5.75439937e+04  1.39678684e-07 
 5.88843655e+04  1.38726659e-07 
 6.02559586e+04  1.37786085e-07 
 6.16595002e+04  1.36856831e-07 
 6.30957344e+04  1.35938766e-07 
 6.45654229e+04  1.35031758e-07 
 6.60693448e+04  1.34135676e-07 
 6.76082975e+04  1.33250390e-07 
 6.91830971e+04  1.32375766e-07 
 7.07945784e+04  1.31511674e-07 
 7.24435960e+04  1.30657982e-07 
 7.41310241e+04  1.29814558e-07 
 7.58577575e+04  1.28981268e-07 
 7.76247117e+04  1.28157982e-07 
 7.94328235e+04  1.27344564e-07 
 8.12830516e+04  1.26540882e-07 
 8.31763771e+04  1.25746801e-07 
 8.51138038e+04  1.24962187e-07 
 8.70963590e+04  1.24186905e-07 
 8.91250938e+04  1.23420819e-07 
 9.12010839e+04  1.22663792e-07 
 9.33254301e+04  1.21915688e-07 
 9.54992586e+04  1.21176367e-07 
 9.77237221e+04  1.20445693e-07 
 1.00000000e+05  1.19723523e-07 
 1.02329299e+05  1.19009720e-07 
 1.04712855e+05  1.18304140e-07 
 1.07151931e+05  1.17606641e-07 
 1.09647820e+05  1.16917080e-07 
 1.12201845e+05  1.16235312e-07 
 1.14815362e+05  1.15561191e-07 
 1.17489755e+05  1.14894570e-07 
 1.20226443e+05  1.14235301e-07 
 1.23026877e+05  1.13583235e-07 
 1.25892541e+05  1.12938220e-07 
 1.28824955e+05  1.12300104e-07 
 1.31825674e+05  1.11668733e-07 
 1.34896288e+05  1.11043953e-07 
 1.38038426e+05  1.10425607e-07 
 1.41253754e+05  1.09813536e-07 
 1.44543977e+05  1.09207581e-07 
 1.47910839e+05  1.08607582e-07 
 1.51356125e+05  1.08013375e-07 
 1.54881662e+05  1.07424795e-07 
 1.58489319e+05  1.06841678e-07 
 1.62181010e+05  1.06263856e-07 
 1.65958691e+05  1.05691160e-07 
 1.69824365e+05  1.05123419e-07 
 1.73780083e+05  1.04560461e-07 
 1.77827941e+05  1.04002114e-07 
 1.81970086e+05  1.03448201e-07 
 1.86208714e+05  1.02898548e-07 
 1.90546072e+05  1.02352975e-07 
 1.94984460e+05  1.01811306e-07 
 1.99526231e+05  1.01273360e-07 
 2.04173794e+05  1.00738956e-07 
 2.08929613e+05  1.00207913e-07 
 2.13796209e+05  9.96800479e-08 
 2.18776162e+05  9.91551791e-08 
 2.23872114e+05  9.86331230e-08 
 2.29086765e+05  9.81136966e-08 
 2.34422882e+05  9.75967168e-08 
 2.39883292e+05  9.70820010e-08 
 2.45470892e+05  9.65693672e-08 
 2.51188643e+05  9.60586343e-08 
 2.57039578e+05  9.55496228e-08 
 2.63026799e+05  9.50421544e-08 
 2.69153480e+05  9.45360533e-08 
 2.75422870e+05  9.40311457e-08 
 2.81838293e+05  9.35272610e-08 
 2.88403150e+05  9.30242317e-08 
 2.95120923e+05  9.25218943e-08 
 3.01995172e+05  9.20200894e-08 
 3.09029543e+05  9.15186627e-08 
 3.16227766e+05  9.10174651e-08 
 3.23593657e+05  9.05163536e-08 
 3.31131121e+05  9.00151918e-08 
 3.38844156e+05  8.95138504e-08 
 3.46736850e+05  8.90122081e-08 
 3.54813389e+05  8.85101518e-08 
 3.63078055e+05  8.80075778e-08 
 3.71535229e+05  8.75043921e-08 
 3.80189396e+05  8.70005112e-08 
 3.89045145e+05  8.64958624e-08 
 3.98107171e+05  8.59903850e-08 
 4.07380278e+05  8.54840307e-08 
 4.16869383e+05  8.49767640e-08 
 4.26579519e+05  8.44685629e-08 
 4.36515832e+05  8.39594196e-08 
 4.46683592e+05  8.34493409e-08 
 4.57088190e+05  8.29383485e-08 
 4.67735141e+05  8.24264798e-08 
 4.78630092e+05  8.19137877e-08 
 4.89778819e+05  8.14003414e-08 
 5.01187234e+05  8.08862264e-08 
 5.12861384e+05  8.03715445e-08 
 5.24807460e+05  7.98564140e-08 
 5.37031796e+05  7.93409697e-08 
 5.49540874e+05  7.88253627e-08 
 5.62341325e+05  7.83097603e-08 
 5.75439937e+05  7.77943454e-08 
 5.88843655e+05  7.72793163e-08 
 6.02559586e+05  7.67648862e-08 
 6.16595002e+05  7.62512825e-08 
 6.30957344e+05  7.57387462e-08 
 6.45654229e+05  7.52275310e-08 
 6.60693448e+05  7.47179024e-08 
 6.76082975e+05  7.42101368e-08 
 6.91830971e+05  7.37045203e-08 
 7.07945784e+05  7.32013478e-08 
 7.24435960e+05  7.27009219e-08 
 7.41310241e+05  7.22035511e-08 
 7.58577575e+05  7.17095492e-08 
 7.76247117e+05  7.12192336e-08 
 7.94328235e+05  7.07329240e-08 
 8.12830516e+05  7.02509413e-08 
 8.31763771e+05  6.97736059e-08 
 8.51138038e+05  6.93012368e-08 
 8.70963590e+05  6.88341499e-08 
 8.91250938e+05  6.83726569e-08 
 9.12010839e+05  6.79170644e-08 
 9.33254301e+05  6.74676721e-08 
 9.54992586e+05  6.70247723e-08 
 9.77237221e+05  6.65886484e-08 
 1.00000000e+06  6.61595745e-08 
 1.02329299e+06  6.57378140e-08 
 1.04712855e+06  6.53236193e-08 
 1.07151931e+06  6.49172308e-08 
 1.09647820e+06  6.45188766e-08 
 1.12201845e+06  6.41287719e-08 
 1.14815362e+06  6.37471186e-08 
 1.17489755e+06  6.33741052e-08 
 1.20226443e+06  6.30099066e-08 
 1.23026877e+06  6.26546839e-08 
 1.25892541e+06  6.23085847e-08 
 1.28824955e+06  6.19717430e-08 
 1.31825674e+06  6.16442795e-08 
 1.34896288e+06  6.13263018e-08 
 1.38038426e+06  6.10179051e-08 
 1.41253754e+06  6.07191719e-08 
 1.44543977e+06  6.04301733e-08 
 1.47910839e+06  6.01509691e-08 
 1.51356125e+06  5.98816083e-08 
 1.54881662e+06  5.96221298e-08 
 1.58489319e+06  5.93725630e-08 
 1.62181010e+06  5.91329286e-08 
 1.65958691e+06  5.89032390e-08 
 1.69824365e+06  5.86834987e-08 
 1.73780083e+06  5.84737057e-08 
 1.77827941e+06  5.82738510e-08 
 1.81970086e+06  5.80839202e-08 
 1.86208714e+06  5.79038931e-08 
 1.90546072e+06  5.77337447e-08 
 1.94984460e+06  5.75734454e-08 
 1.99526231e+06  5.74229612e-08 
 2.04173794e+06  5.72822539e-08 
 2.08929613e+06  5.71512813e-08 
 2.13796209e+06  5.70299971e-08 
 2.18776162e+06  5.69183504e-08 
 2.23872114e+06  5.68162860e-08 
 2.29086765e+06  5.67237432e-08 
 2.34422882e+06  5.66406556e-08 
 2.39883292e+06  5.65669495e-08 
 2.45470892e+06  5.65025434e-08 
 2.51188643e+06  5.64473459e-08 
 2.57039578e+06  5.64012540e-08 
 2.63026799e+06  5.63641511e-08 
 2.69153480e+06  5.63359041e-08 
 2.75422870e+06  5.63163603e-08 
 2.81838293e+06  5.63053438e-08 
 2.88403150e+06  5.63026513e-08 
 2.95120923e+06  5.63080469e-08 
 3.01995172e+06  5.63212570e-08 
 3.09029543e+06  5.63419631e-08 
 3.16227766e+06  5.63697950e-08 
 3.23593657e+06  5.64043219e-08 
 3.31131121e+06  5.64450431e-08 
 3.38844156e+06  5.64913771e-08 
 3.46736850e+06  5.65426497e-08 
 3.54813389e+06  5.65980802e-08 
 3.63078055e+06  5.66567666e-08 
 3.71535229e+06  5.67176690e-08 
 3.80189396e+06  5.67795921e-08 
 3.89045145e+06  5.68411650e-08 
 3.98107171e+06  5.69008211e-08 
 4.07380278e+06  5.69567762e-08 
 4.16869383e+06  5.70070059e-08 
 4.26579519e+06  5.70492232e-08 
 4.36515832e+06  5.70808569e-08 
 4.46683592e+06  5.70990314e-08 
 4.57088190e+06  5.71005500e-08 
 4.67735141e+06  5.70818829e-08 
 4.78630092e+06  5.70391618e-08 
 4.89778819e+06  5.69681848e-08 
 5.01187234e+06  5.68644317e-08 
 5.12861384e+06  5.67230962e-08 
 5.24807460e+06  5.65391343e-08 
 5.37031796e+06  5.63073345e-08 
 5.49540874e+06  5.60224102e-08 
 5.62341325e+06  5.56791165e-08 
 5.75439937e+06  5.52723904e-08 
 5.88843655e+06  5.47975125e-08 
 6.02559586e+06  5.42502854e-08 
 6.16595002e+06  5.36272221e-08 
 6.30957344e+06  5.29257333e-08 
 6.45654229e+06  5.21443032e-08 
 6.60693448e+06  5.12826398e-08 
 6.76082975e+06  5.03417860e-08 
 6.91830971e+06  4.93241810e-08 
 7.07945784e+06  4.82336622e-08 
 7.24435960e+06  4.70754042e-08 
 7.41310241e+06  4.58557952e-08 
 7.58577575e+06  4.45822584e-08 
 7.76247117e+06  4.32630290e-08 
 7.94328235e+06  4.19069019e-08 
 8.12830516e+06  4.05229675e-08 
 8.31763771e+06  3.91203522e-08 
 8.51138038e+06  3.77079776e-08 
 8.70963590e+06  3.62943514e-08 
 8.91250938e+06  3.48873973e-08 
 9.12010839e+06  3.34943267e-08 
 9.33254301e+06  3.21215547e-08 
 9.54992586e+06  3.07746546e-08 
 9.77237221e+06  2.94583489e-08 
 1.00000000e+07  2.81765286e-08 
 1.02329299e+07  2.69322945e-08 
 1.04712855e+07  2.57280154e-08 
 1.07151931e+07  2.45653963e-08 
 1.09647820e+07  2.34455514e-08 
 1.12201845e+07  2.23690791e-08 
 1.14815362e+07  2.13361350e-08 
 1.17489755e+07  2.03465013e-08 
 1.20226443e+07  1.93996507e-08 
 1.23026877e+07  1.84948044e-08 
 1.25892541e+07  1.76309837e-08 
 1.28824955e+07  1.68070552e-08 
 1.31825674e+07  1.60217694e-08 
 1.34896288e+07  1.52737945e-08 
 1.38038426e+07  1.45617441e-08 
 1.41253754e+07  1.38842006e-08 
 1.44543977e+07  1.32397343e-08 
 1.47910839e+07  1.26269187e-08 
 1.51356125e+07  1.20443437e-08 
 1.54881662e+07  1.14906244e-08 
 1.58489319e+07  1.09644094e-08 
 1.62181010e+07  1.04643859e-08 
 1.65958691e+07  9.98928439e-09 
 1.69824365e+07  9.53788081e-09 
 1.73780083e+07  9.10899874e-09 
 1.77827941e+07  8.70151018e-09 
 1.81970086e+07  8.31433579e-09 
 1.86208714e+07  7.94644456e-09 
 1.90546072e+07  7.59685311e-09 
 1.94984460e+07  7.26462463e-09 
 1.99526231e+07  6.94886762e-09 
 2.04173794e+07  6.64873440e-09 
 2.08929613e+07  6.36341956e-09 
 2.13796209e+07  6.09215826e-09 
 2.18776162e+07  5.83422461e-09 
 2.23872114e+07  5.58892989e-09 
 2.29086765e+07  5.35562086e-09 
 2.34422882e+07  5.13367815e-09 
 2.39883292e+07  4.92251451e-09 
 2.45470892e+07  4.72157332e-09 
 2.51188643e+07  4.53032699e-09 
 2.57039578e+07  4.34827549e-09 
 2.63026799e+07  4.17494494e-09 
 2.69153480e+07  4.00988626e-09 
 2.75422870e+07  3.85267384e-09 
 2.81838293e+07  3.70290435e-09 
 2.88403150e+07  3.56019553e-09 
 2.95120923e+07  3.42418511e-09 
 3.01995172e+07  3.29452973e-09 
 3.09029543e+07  3.17090399e-09 
 3.16227766e+07  3.05299942e-09 
 3.23593657e+07  2.94052369e-09 
 3.31131121e+07  2.83319968e-09 
 3.38844156e+07  2.73076474e-09 
 3.46736850e+07  2.63296989e-09 
 3.54813389e+07  2.53957914e-09 
 3.63078055e+07  2.45036882e-09 
 3.71535229e+07  2.36512690e-09 
 3.80189396e+07  2.28365243e-09 
 3.89045145e+07  2.20575495e-09 
 3.98107171e+07  2.13125396e-09 
 4.07380278e+07  2.05997839e-09 
 4.16869383e+07  1.99176613e-09 
 4.26579519e+07  1.92646357e-09 
 4.36515832e+07  1.86392518e-09 
 4.46683592e+07  1.80401306e-09 
 4.57088190e+07  1.74659657e-09 
 4.67735141e+07  1.69155199e-09 
 4.78630092e+07  1.63876209e-09 
 4.89778819e+07  1.58811588e-09 
 5.01187234e+07  1.53950822e-09 
 5.12861384e+07  1.49283956e-09 
 5.24807460e+07  1.44801566e-09 
 5.37031796e+07  1.40494726e-09 
 5.49540874e+07  1.36354989e-09 
 5.62341325e+07  1.32374355e-09 
 5.75439937e+07  1.28545256e-09 
 5.88843655e+07  1.24860524e-09 
 6.02559586e+07  1.21313376e-09 
 6.16595002e+07  1.17897393e-09 
 6.30957344e+07  1.14606499e-09 
 6.45654229e+07  1.11434941e-09 
 6.60693448e+07  1.08377277e-09 
 6.76082975e+07  1.05428353e-09 
 6.91830971e+07  1.02583293e-09 
 7.07945784e+07  9.98374794e-10 
 7.24435960e+07  9.71865399e-10 
 7.41310241e+07  9.46263356e-10 
 7.58577575e+07  9.21529466e-10 
 7.76247117e+07  8.97626604e-10 
 7.94328235e+07  8.74519599e-10 
 8.12830516e+07  8.52175126e-10 
 8.31763771e+07  8.30561605e-10 
 8.51138038e+07  8.09649098e-10 
 8.70963590e+07  7.89409219e-10 
 8.91250938e+07  7.69815044e-10 
 9.12010839e+07  7.50841029e-10 
 9.33254301e+07  7.32462932e-10 
 9.54992586e+07  7.14657735e-10 
 9.77237221e+07  6.97403579e-10 
 1.00000000e+08  6.80679694e-10 
