 frequency       onoise_spectrum
 1.00000000e-01  3.21428394e-05 
 1.02329299e-01  3.18310599e-05 
 1.04712855e-01  3.15223066e-05 
 1.07151931e-01  3.12165499e-05 
 1.09647820e-01  3.09137609e-05 
 1.12201845e-01  3.06139107e-05 
 1.14815362e-01  3.03169707e-05 
 1.17489755e-01  3.00229127e-05 
 1.20226443e-01  2.97317087e-05 
 1.23026877e-01  2.94433310e-05 
 1.25892541e-01  2.91577521e-05 
 1.28824955e-01  2.88749449e-05 
 1.31825674e-01  2.85948824e-05 
 1.34896288e-01  2.83175380e-05 
 1.38038426e-01  2.80428852e-05 
 1.41253754e-01  2.77708980e-05 
 1.44543977e-01  2.75015505e-05 
 1.47910839e-01  2.72348170e-05 
 1.51356125e-01  2.69706721e-05 
 1.54881662e-01  2.67090907e-05 
 1.58489319e-01  2.64500479e-05 
 1.62181010e-01  2.61935191e-05 
 1.65958691e-01  2.59394798e-05 
 1.69824365e-01  2.56879059e-05 
 1.73780083e-01  2.54387733e-05 
 1.77827941e-01  2.51920586e-05 
 1.81970086e-01  2.49477380e-05 
 1.86208714e-01  2.47057885e-05 
 1.90546072e-01  2.44661869e-05 
 1.94984460e-01  2.42289104e-05 
 1.99526231e-01  2.39939366e-05 
 2.04173794e-01  2.37612430e-05 
 2.08929613e-01  2.35308075e-05 
 2.13796209e-01  2.33026081e-05 
 2.18776162e-01  2.30766232e-05 
 2.23872114e-01  2.28528313e-05 
 2.29086765e-01  2.26312110e-05 
 2.34422882e-01  2.24117412e-05 
 2.39883292e-01  2.21944012e-05 
 2.45470892e-01  2.19791701e-05 
 2.51188643e-01  2.17660276e-05 
 2.57039578e-01  2.15549533e-05 
 2.63026799e-01  2.13459273e-05 
 2.69153480e-01  2.11389294e-05 
 2.75422870e-01  2.09339402e-05 
 2.81838293e-01  2.07309401e-05 
 2.88403150e-01  2.05299097e-05 
 2.95120923e-01  2.03308300e-05 
 3.01995172e-01  2.01336820e-05 
 3.09029543e-01  1.99384470e-05 
 3.16227766e-01  1.97451064e-05 
 3.23593657e-01  1.95536417e-05 
 3.31131121e-01  1.93640348e-05 
 3.38844156e-01  1.91762677e-05 
 3.46736850e-01  1.89903224e-05 
 3.54813389e-01  1.88061813e-05 
 3.63078055e-01  1.86238269e-05 
 3.71535229e-01  1.84432419e-05 
 3.80189396e-01  1.82644090e-05 
 3.89045145e-01  1.80873112e-05 
 3.98107171e-01  1.79119317e-05 
 4.07380278e-01  1.77382539e-05 
 4.16869383e-01  1.75662611e-05 
 4.26579519e-01  1.73959371e-05 
 4.36515832e-01  1.72272656e-05 
 4.46683592e-01  1.70602306e-05 
 4.57088190e-01  1.68948162e-05 
 4.67735141e-01  1.67310067e-05 
 4.78630092e-01  1.65687865e-05 
 4.89778819e-01  1.64081401e-05 
 5.01187234e-01  1.62490524e-05 
 5.12861384e-01  1.60915081e-05 
 5.24807460e-01  1.59354923e-05 
 5.37031796e-01  1.57809901e-05 
 5.49540874e-01  1.56279868e-05 
 5.62341325e-01  1.54764680e-05 
 5.75439937e-01  1.53264191e-05 
 5.88843655e-01  1.51778260e-05 
 6.02559586e-01  1.50306744e-05 
 6.16595002e-01  1.48849504e-05 
 6.30957344e-01  1.47406402e-05 
 6.45654229e-01  1.45977300e-05 
 6.60693448e-01  1.44562062e-05 
 6.76082975e-01  1.43160553e-05 
 6.91830971e-01  1.41772641e-05 
 7.07945784e-01  1.40398194e-05 
 7.24435960e-01  1.39037080e-05 
 7.41310241e-01  1.37689170e-05 
 7.58577575e-01  1.36354336e-05 
 7.76247117e-01  1.35032452e-05 
 7.94328235e-01  1.33723391e-05 
 8.12830516e-01  1.32427030e-05 
 8.31763771e-01  1.31143244e-05 
 8.51138038e-01  1.29871911e-05 
 8.70963590e-01  1.28612912e-05 
 8.91250938e-01  1.27366126e-05 
 9.12010839e-01  1.26131434e-05 
 9.33254301e-01  1.24908720e-05 
 9.54992586e-01  1.23697866e-05 
 9.77237221e-01  1.22498759e-05 
 1.00000000e+00  1.21311283e-05 
 1.02329299e+00  1.20135327e-05 
 1.04712855e+00  1.18970777e-05 
 1.07151931e+00  1.17817524e-05 
 1.09647820e+00  1.16675458e-05 
 1.12201845e+00  1.15544470e-05 
 1.14815362e+00  1.14424453e-05 
 1.17489755e+00  1.13315300e-05 
 1.20226443e+00  1.12216906e-05 
 1.23026877e+00  1.11129166e-05 
 1.25892541e+00  1.10051978e-05 
 1.28824955e+00  1.08985238e-05 
 1.31825674e+00  1.07928845e-05 
 1.34896288e+00  1.06882699e-05 
 1.38038426e+00  1.05846700e-05 
 1.41253754e+00  1.04820751e-05 
 1.44543977e+00  1.03804753e-05 
 1.47910839e+00  1.02798609e-05 
 1.51356125e+00  1.01802225e-05 
 1.54881662e+00  1.00815505e-05 
 1.58489319e+00  9.98383564e-06 
 1.62181010e+00  9.88706853e-06 
 1.65958691e+00  9.79123999e-06 
 1.69824365e+00  9.69634094e-06 
 1.73780083e+00  9.60236235e-06 
 1.77827941e+00  9.50929528e-06 
 1.81970086e+00  9.41713089e-06 
 1.86208714e+00  9.32586043e-06 
 1.90546072e+00  9.23547522e-06 
 1.94984460e+00  9.14596666e-06 
 1.99526231e+00  9.05732626e-06 
 2.04173794e+00  8.96954558e-06 
 2.08929613e+00  8.88261629e-06 
 2.13796209e+00  8.79653013e-06 
 2.18776162e+00  8.71127891e-06 
 2.23872114e+00  8.62685453e-06 
 2.29086765e+00  8.54324898e-06 
 2.34422882e+00  8.46045430e-06 
 2.39883292e+00  8.37846263e-06 
 2.45470892e+00  8.29726618e-06 
 2.51188643e+00  8.21685723e-06 
 2.57039578e+00  8.13722813e-06 
 2.63026799e+00  8.05837134e-06 
 2.69153480e+00  7.98027935e-06 
 2.75422870e+00  7.90294473e-06 
 2.81838293e+00  7.82636015e-06 
 2.88403150e+00  7.75051833e-06 
 2.95120923e+00  7.67541206e-06 
 3.01995172e+00  7.60103420e-06 
 3.09029543e+00  7.52737769e-06 
 3.16227766e+00  7.45443553e-06 
 3.23593657e+00  7.38220079e-06 
 3.31131121e+00  7.31066660e-06 
 3.38844156e+00  7.23982618e-06 
 3.46736850e+00  7.16967278e-06 
 3.54813389e+00  7.10019975e-06 
 3.63078055e+00  7.03140048e-06 
 3.71535229e+00  6.96326844e-06 
 3.80189396e+00  6.89579716e-06 
 3.89045145e+00  6.82898022e-06 
 3.98107171e+00  6.76281127e-06 
 4.07380278e+00  6.69728405e-06 
 4.16869383e+00  6.63239230e-06 
 4.26579519e+00  6.56812988e-06 
 4.36515832e+00  6.50449068e-06 
 4.46683592e+00  6.44146865e-06 
 4.57088190e+00  6.37905781e-06 
 4.67735141e+00  6.31725222e-06 
 4.78630092e+00  6.25604602e-06 
 4.89778819e+00  6.19543339e-06 
 5.01187234e+00  6.13540858e-06 
 5.12861384e+00  6.07596588e-06 
 5.24807460e+00  6.01709964e-06 
 5.37031796e+00  5.95880429e-06 
 5.49540874e+00  5.90107427e-06 
 5.62341325e+00  5.84390410e-06 
 5.75439937e+00  5.78728836e-06 
 5.88843655e+00  5.73122167e-06 
 6.02559586e+00  5.67569870e-06 
 6.16595002e+00  5.62071418e-06 
 6.30957344e+00  5.56626288e-06 
 6.45654229e+00  5.51233964e-06 
 6.60693448e+00  5.45893934e-06 
 6.76082975e+00  5.40605689e-06 
 6.91830971e+00  5.35368729e-06 
 7.07945784e+00  5.30182555e-06 
 7.24435960e+00  5.25046675e-06 
 7.41310241e+00  5.19960602e-06 
 7.58577575e+00  5.14923852e-06 
 7.76247117e+00  5.09935946e-06 
 7.94328235e+00  5.04996412e-06 
 8.12830516e+00  5.00104780e-06 
 8.31763771e+00  4.95260586e-06 
 8.51138038e+00  4.90463370e-06 
 8.70963590e+00  4.85712675e-06 
 8.91250938e+00  4.81008052e-06 
 9.12010839e+00  4.76349053e-06 
 9.33254301e+00  4.71735235e-06 
 9.54992586e+00  4.67166162e-06 
 9.77237221e+00  4.62641398e-06 
 1.00000000e+01  4.58160514e-06 
 1.02329299e+01  4.53723085e-06 
 1.04712855e+01  4.49328690e-06 
 1.07151931e+01  4.44976910e-06 
 1.09647820e+01  4.40667334e-06 
 1.12201845e+01  4.36399551e-06 
 1.14815362e+01  4.32173156e-06 
 1.17489755e+01  4.27987749e-06 
 1.20226443e+01  4.23842932e-06 
 1.23026877e+01  4.19738311e-06 
 1.25892541e+01  4.15673496e-06 
 1.28824955e+01  4.11648103e-06 
 1.31825674e+01  4.07661747e-06 
 1.34896288e+01  4.03714052e-06 
 1.38038426e+01  3.99804642e-06 
 1.41253754e+01  3.95933146e-06 
 1.44543977e+01  3.92099196e-06 
 1.47910839e+01  3.88302429e-06 
 1.51356125e+01  3.84542484e-06 
 1.54881662e+01  3.80819005e-06 
 1.58489319e+01  3.77131637e-06 
 1.62181010e+01  3.73480030e-06 
 1.65958691e+01  3.69863839e-06 
 1.69824365e+01  3.66282719e-06 
 1.73780083e+01  3.62736331e-06 
 1.77827941e+01  3.59224338e-06 
 1.81970086e+01  3.55746407e-06 
 1.86208714e+01  3.52302207e-06 
 1.90546072e+01  3.48891412e-06 
 1.94984460e+01  3.45513698e-06 
 1.99526231e+01  3.42168744e-06 
 2.04173794e+01  3.38856233e-06 
 2.08929613e+01  3.35575850e-06 
 2.13796209e+01  3.32327284e-06 
 2.18776162e+01  3.29110226e-06 
 2.23872114e+01  3.25924372e-06 
 2.29086765e+01  3.22769419e-06 
 2.34422882e+01  3.19645067e-06 
 2.39883292e+01  3.16551020e-06 
 2.45470892e+01  3.13486984e-06 
 2.51188643e+01  3.10452669e-06 
 2.57039578e+01  3.07447786e-06 
 2.63026799e+01  3.04472050e-06 
 2.69153480e+01  3.01525179e-06 
 2.75422870e+01  2.98606893e-06 
 2.81838293e+01  2.95716915e-06 
 2.88403150e+01  2.92854972e-06 
 2.95120923e+01  2.90020790e-06 
 3.01995172e+01  2.87214102e-06 
 3.09029543e+01  2.84434640e-06 
 3.16227766e+01  2.81682142e-06 
 3.23593657e+01  2.78956346e-06 
 3.31131121e+01  2.76256993e-06 
 3.38844156e+01  2.73583827e-06 
 3.46736850e+01  2.70936595e-06 
 3.54813389e+01  2.68315045e-06 
 3.63078055e+01  2.65718928e-06 
 3.71535229e+01  2.63147999e-06 
 3.80189396e+01  2.60602012e-06 
 3.89045145e+01  2.58080728e-06 
 3.98107171e+01  2.55583905e-06 
 4.07380278e+01  2.53111308e-06 
 4.16869383e+01  2.50662702e-06 
 4.26579519e+01  2.48237854e-06 
 4.36515832e+01  2.45836534e-06 
 4.46683592e+01  2.43458515e-06 
 4.57088190e+01  2.41103571e-06 
 4.67735141e+01  2.38771479e-06 
 4.78630092e+01  2.36462016e-06 
 4.89778819e+01  2.34174965e-06 
 5.01187234e+01  2.31910107e-06 
 5.12861384e+01  2.29667229e-06 
 5.24807460e+01  2.27446117e-06 
 5.37031796e+01  2.25246561e-06 
 5.49540874e+01  2.23068352e-06 
 5.62341325e+01  2.20911283e-06 
 5.75439937e+01  2.18775149e-06 
 5.88843655e+01  2.16659749e-06 
 6.02559586e+01  2.14564881e-06 
 6.16595002e+01  2.12490346e-06 
 6.30957344e+01  2.10435948e-06 
 6.45654229e+01  2.08401492e-06 
 6.60693448e+01  2.06386785e-06 
 6.76082975e+01  2.04391636e-06 
 6.91830971e+01  2.02415855e-06 
 7.07945784e+01  2.00459255e-06 
 7.24435960e+01  1.98521651e-06 
 7.41310241e+01  1.96602858e-06 
 7.58577575e+01  1.94702694e-06 
 7.76247117e+01  1.92820980e-06 
 7.94328235e+01  1.90957537e-06 
 8.12830516e+01  1.89112188e-06 
 8.31763771e+01  1.87284758e-06 
 8.51138038e+01  1.85475074e-06 
 8.70963590e+01  1.83682963e-06 
 8.91250938e+01  1.81908257e-06 
 9.12010839e+01  1.80150787e-06 
 9.33254301e+01  1.78410385e-06 
 9.54992586e+01  1.76686887e-06 
 9.77237221e+01  1.74980130e-06 
 1.00000000e+02  1.73289951e-06 
 1.02329299e+02  1.71616191e-06 
 1.04712855e+02  1.69958690e-06 
 1.07151931e+02  1.68317292e-06 
 1.09647820e+02  1.66691840e-06 
 1.12201845e+02  1.65082180e-06 
 1.14815362e+02  1.63488161e-06 
 1.17489755e+02  1.61909630e-06 
 1.20226443e+02  1.60346437e-06 
 1.23026877e+02  1.58798436e-06 
 1.25892541e+02  1.57265478e-06 
 1.28824955e+02  1.55747419e-06 
 1.31825674e+02  1.54244114e-06 
 1.34896288e+02  1.52755421e-06 
 1.38038426e+02  1.51281199e-06 
 1.41253754e+02  1.49821308e-06 
 1.44543977e+02  1.48375609e-06 
 1.47910839e+02  1.46943966e-06 
 1.51356125e+02  1.45526242e-06 
 1.54881662e+02  1.44122303e-06 
 1.58489319e+02  1.42732017e-06 
 1.62181010e+02  1.41355250e-06 
 1.65958691e+02  1.39991874e-06 
 1.69824365e+02  1.38641757e-06 
 1.73780083e+02  1.37304773e-06 
 1.77827941e+02  1.35980794e-06 
 1.81970086e+02  1.34669696e-06 
 1.86208714e+02  1.33371353e-06 
 1.90546072e+02  1.32085642e-06 
 1.94984460e+02  1.30812443e-06 
 1.99526231e+02  1.29551633e-06 
 2.04173794e+02  1.28303093e-06 
 2.08929613e+02  1.27066706e-06 
 2.13796209e+02  1.25842353e-06 
 2.18776162e+02  1.24629919e-06 
 2.23872114e+02  1.23429288e-06 
 2.29086765e+02  1.22240347e-06 
 2.34422882e+02  1.21062984e-06 
 2.39883292e+02  1.19897086e-06 
 2.45470892e+02  1.18742542e-06 
 2.51188643e+02  1.17599245e-06 
 2.57039578e+02  1.16467084e-06 
 2.63026799e+02  1.15345953e-06 
 2.69153480e+02  1.14235745e-06 
 2.75422870e+02  1.13136356e-06 
 2.81838293e+02  1.12047680e-06 
 2.88403150e+02  1.10969616e-06 
 2.95120923e+02  1.09902059e-06 
 3.01995172e+02  1.08844910e-06 
 3.09029543e+02  1.07798068e-06 
 3.16227766e+02  1.06761434e-06 
 3.23593657e+02  1.05734909e-06 
 3.31131121e+02  1.04718397e-06 
 3.38844156e+02  1.03711800e-06 
 3.46736850e+02  1.02715023e-06 
 3.54813389e+02  1.01727973e-06 
 3.63078055e+02  1.00750555e-06 
 3.71535229e+02  9.97826761e-07 
 3.80189396e+02  9.88242454e-07 
 3.89045145e+02  9.78751716e-07 
 3.98107171e+02  9.69353649e-07 
 4.07380278e+02  9.60047362e-07 
 4.16869383e+02  9.50831971e-07 
 4.26579519e+02  9.41706604e-07 
 4.36515832e+02  9.32670395e-07 
 4.46683592e+02  9.23722487e-07 
 4.57088190e+02  9.14862033e-07 
 4.67735141e+02  9.06088192e-07 
 4.78630092e+02  8.97400132e-07 
 4.89778819e+02  8.88797030e-07 
 5.01187234e+02  8.80278071e-07 
 5.12861384e+02  8.71842445e-07 
 5.24807460e+02  8.63489355e-07 
 5.37031796e+02  8.55218007e-07 
 5.49540874e+02  8.47027618e-07 
 5.62341325e+02  8.38917411e-07 
 5.75439937e+02  8.30886618e-07 
 5.88843655e+02  8.22934476e-07 
 6.02559586e+02  8.15060233e-07 
 6.16595002e+02  8.07263141e-07 
 6.30957344e+02  7.99542461e-07 
 6.45654229e+02  7.91897461e-07 
 6.60693448e+02  7.84327417e-07 
 6.76082975e+02  7.76831611e-07 
 6.91830971e+02  7.69409332e-07 
 7.07945784e+02  7.62059876e-07 
 7.24435960e+02  7.54782546e-07 
 7.41310241e+02  7.47576653e-07 
 7.58577575e+02  7.40441513e-07 
 7.76247117e+02  7.33376450e-07 
 7.94328235e+02  7.26380794e-07 
 8.12830516e+02  7.19453881e-07 
 8.31763771e+02  7.12595056e-07 
 8.51138038e+02  7.05803666e-07 
 8.70963590e+02  6.99079069e-07 
 8.91250938e+02  6.92420626e-07 
 9.12010839e+02  6.85827707e-07 
 9.33254301e+02  6.79299686e-07 
 9.54992586e+02  6.72835944e-07 
 9.77237221e+02  6.66435868e-07 
 1.00000000e+03  6.60098851e-07 
 1.02329299e+03  6.53824293e-07 
 1.04712855e+03  6.47611597e-07 
 1.07151931e+03  6.41460175e-07 
 1.09647820e+03  6.35369443e-07 
 1.12201845e+03  6.29338824e-07 
 1.14815362e+03  6.23367746e-07 
 1.17489755e+03  6.17455642e-07 
 1.20226443e+03  6.11601951e-07 
 1.23026877e+03  6.05806118e-07 
 1.25892541e+03  6.00067593e-07 
 1.28824955e+03  5.94385833e-07 
 1.31825674e+03  5.88760297e-07 
 1.34896288e+03  5.83190452e-07 
 1.38038426e+03  5.77675769e-07 
 1.41253754e+03  5.72215726e-07 
 1.44543977e+03  5.66809803e-07 
 1.47910839e+03  5.61457489e-07 
 1.51356125e+03  5.56158275e-07 
 1.54881662e+03  5.50911658e-07 
 1.58489319e+03  5.45717140e-07 
 1.62181010e+03  5.40574228e-07 
 1.65958691e+03  5.35482433e-07 
 1.69824365e+03  5.30441273e-07 
 1.73780083e+03  5.25450269e-07 
 1.77827941e+03  5.20508946e-07 
 1.81970086e+03  5.15616836e-07 
 1.86208714e+03  5.10773474e-07 
 1.90546072e+03  5.05978400e-07 
 1.94984460e+03  5.01231158e-07 
 1.99526231e+03  4.96531298e-07 
 2.04173794e+03  4.91878373e-07 
 2.08929613e+03  4.87271940e-07 
 2.13796209e+03  4.82711563e-07 
 2.18776162e+03  4.78196807e-07 
 2.23872114e+03  4.73727244e-07 
 2.29086765e+03  4.69302448e-07 
 2.34422882e+03  4.64922000e-07 
 2.39883292e+03  4.60585481e-07 
 2.45470892e+03  4.56292481e-07 
 2.51188643e+03  4.52042590e-07 
 2.57039578e+03  4.47835405e-07 
 2.63026799e+03  4.43670525e-07 
 2.69153480e+03  4.39547553e-07 
 2.75422870e+03  4.35466098e-07 
 2.81838293e+03  4.31425771e-07 
 2.88403150e+03  4.27426186e-07 
 2.95120923e+03  4.23466964e-07 
 3.01995172e+03  4.19547727e-07 
 3.09029543e+03  4.15668101e-07 
 3.16227766e+03  4.11827717e-07 
 3.23593657e+03  4.08026209e-07 
 3.31131121e+03  4.04263215e-07 
 3.38844156e+03  4.00538375e-07 
 3.46736850e+03  3.96851334e-07 
 3.54813389e+03  3.93201741e-07 
 3.63078055e+03  3.89589247e-07 
 3.71535229e+03  3.86013508e-07 
 3.80189396e+03  3.82474181e-07 
 3.89045145e+03  3.78970929e-07 
 3.98107171e+03  3.75503418e-07 
 4.07380278e+03  3.72071314e-07 
 4.16869383e+03  3.68674291e-07 
 4.26579519e+03  3.65312024e-07 
 4.36515832e+03  3.61984191e-07 
 4.46683592e+03  3.58690472e-07 
 4.57088190e+03  3.55430554e-07 
 4.67735141e+03  3.52204122e-07 
 4.78630092e+03  3.49010869e-07 
 4.89778819e+03  3.45850489e-07 
 5.01187234e+03  3.42722677e-07 
 5.12861384e+03  3.39627133e-07 
 5.24807460e+03  3.36563561e-07 
 5.37031796e+03  3.33531666e-07 
 5.49540874e+03  3.30531157e-07 
 5.62341325e+03  3.27561745e-07 
 5.75439937e+03  3.24623144e-07 
 5.88843655e+03  3.21715071e-07 
 6.02559586e+03  3.18837247e-07 
 6.16595002e+03  3.15989393e-07 
 6.30957344e+03  3.13171235e-07 
 6.45654229e+03  3.10382501e-07 
 6.60693448e+03  3.07622921e-07 
 6.76082975e+03  3.04892229e-07 
 6.91830971e+03  3.02190160e-07 
 7.07945784e+03  2.99516453e-07 
 7.24435960e+03  2.96870848e-07 
 7.41310241e+03  2.94253090e-07 
 7.58577575e+03  2.91662923e-07 
 7.76247117e+03  2.89100096e-07 
 7.94328235e+03  2.86564361e-07 
 8.12830516e+03  2.84055469e-07 
 8.31763771e+03  2.81573177e-07 
 8.51138038e+03  2.79117242e-07 
 8.70963590e+03  2.76687425e-07 
 8.91250938e+03  2.74283488e-07 
 9.12010839e+03  2.71905196e-07 
 9.33254301e+03  2.69552315e-07 
 9.54992586e+03  2.67224615e-07 
 9.77237221e+03  2.64921866e-07 
 1.00000000e+04  2.62643844e-07 
 1.02329299e+04  2.60390323e-07 
 1.04712855e+04  2.58161080e-07 
 1.07151931e+04  2.55955896e-07 
 1.09647820e+04  2.53774552e-07 
 1.12201845e+04  2.51616833e-07 
 1.14815362e+04  2.49482524e-07 
 1.17489755e+04  2.47371413e-07 
 1.20226443e+04  2.45283289e-07 
 1.23026877e+04  2.43217945e-07 
 1.25892541e+04  2.41175174e-07 
 1.28824955e+04  2.39154771e-07 
 1.31825674e+04  2.37156534e-07 
 1.34896288e+04  2.35180261e-07 
 1.38038426e+04  2.33225755e-07 
 1.41253754e+04  2.31292816e-07 
 1.44543977e+04  2.29381251e-07 
 1.47910839e+04  2.27490864e-07 
 1.51356125e+04  2.25621464e-07 
 1.54881662e+04  2.23772861e-07 
 1.58489319e+04  2.21944865e-07 
 1.62181010e+04  2.20137289e-07 
 1.65958691e+04  2.18349948e-07 
 1.69824365e+04  2.16582657e-07 
 1.73780083e+04  2.14835234e-07 
 1.77827941e+04  2.13107499e-07 
 1.81970086e+04  2.11399270e-07 
 1.86208714e+04  2.09710372e-07 
 1.90546072e+04  2.08040627e-07 
 1.94984460e+04  2.06389859e-07 
 1.99526231e+04  2.04757896e-07 
 2.04173794e+04  2.03144564e-07 
 2.08929613e+04  2.01549694e-07 
 2.13796209e+04  1.99973114e-07 
 2.18776162e+04  1.98414658e-07 
 2.23872114e+04  1.96874157e-07 
 2.29086765e+04  1.95351446e-07 
 2.34422882e+04  1.93846361e-07 
 2.39883292e+04  1.92358738e-07 
 2.45470892e+04  1.90888414e-07 
 2.51188643e+04  1.89435230e-07 
 2.57039578e+04  1.87999024e-07 
 2.63026799e+04  1.86579639e-07 
 2.69153480e+04  1.85176916e-07 
 2.75422870e+04  1.83790699e-07 
 2.81838293e+04  1.82420833e-07 
 2.88403150e+04  1.81067162e-07 
 2.95120923e+04  1.79729533e-07 
 3.01995172e+04  1.78407794e-07 
 3.09029543e+04  1.77101793e-07 
 3.16227766e+04  1.75811380e-07 
 3.23593657e+04  1.74536403e-07 
 3.31131121e+04  1.73276715e-07 
 3.38844156e+04  1.72032166e-07 
 3.46736850e+04  1.70802611e-07 
 3.54813389e+04  1.69587902e-07 
 3.63078055e+04  1.68387893e-07 
 3.71535229e+04  1.67202440e-07 
 3.80189396e+04  1.66031397e-07 
 3.89045145e+04  1.64874622e-07 
 3.98107171e+04  1.63731971e-07 
 4.07380278e+04  1.62603303e-07 
 4.16869383e+04  1.61488474e-07 
 4.26579519e+04  1.60387344e-07 
 4.36515832e+04  1.59299773e-07 
 4.46683592e+04  1.58225619e-07 
 4.57088190e+04  1.57164744e-07 
 4.67735141e+04  1.56117008e-07 
 4.78630092e+04  1.55082273e-07 
 4.89778819e+04  1.54060400e-07 
 5.01187234e+04  1.53051251e-07 
 5.12861384e+04  1.52054688e-07 
 5.24807460e+04  1.51070575e-07 
 5.37031796e+04  1.50098773e-07 
 5.49540874e+04  1.49139147e-07 
 5.62341325e+04  1.48191559e-07 
 5.75439937e+04  1.47255873e-07 
 5.88843655e+04  1.46331954e-07 
 6.02559586e+04  1.45419663e-07 
 6.16595002e+04  1.44518867e-07 
 6.30957344e+04  1.43629428e-07 
 6.45654229e+04  1.42751211e-07 
 6.60693448e+04  1.41884079e-07 
 6.76082975e+04  1.41027896e-07 
 6.91830971e+04  1.40182526e-07 
 7.07945784e+04  1.39347833e-07 
 7.24435960e+04  1.38523680e-07 
 7.41310241e+04  1.37709930e-07 
 7.58577575e+04  1.36906445e-07 
 7.76247117e+04  1.36113090e-07 
 7.94328235e+04  1.35329726e-07 
 8.12830516e+04  1.34556214e-07 
 8.31763771e+04  1.33792416e-07 
 8.51138038e+04  1.33038194e-07 
 8.70963590e+04  1.32293407e-07 
 8.91250938e+04  1.31557915e-07 
 9.12010839e+04  1.30831577e-07 
 9.33254301e+04  1.30114252e-07 
 9.54992586e+04  1.29405797e-07 
 9.77237221e+04  1.28706070e-07 
 1.00000000e+05  1.28014927e-07 
 1.02329299e+05  1.27332222e-07 
 1.04712855e+05  1.26657811e-07 
 1.07151931e+05  1.25991545e-07 
 1.09647820e+05  1.25333279e-07 
 1.12201845e+05  1.24682862e-07 
 1.14815362e+05  1.24040144e-07 
 1.17489755e+05  1.23404976e-07 
 1.20226443e+05  1.22777203e-07 
 1.23026877e+05  1.22156673e-07 
 1.25892541e+05  1.21543229e-07 
 1.28824955e+05  1.20936716e-07 
 1.31825674e+05  1.20336976e-07 
 1.34896288e+05  1.19743848e-07 
 1.38038426e+05  1.19157173e-07 
 1.41253754e+05  1.18576786e-07 
 1.44543977e+05  1.18002523e-07 
 1.47910839e+05  1.17434219e-07 
 1.51356125e+05  1.16871706e-07 
 1.54881662e+05  1.16314813e-07 
 1.58489319e+05  1.15763369e-07 
 1.62181010e+05  1.15217202e-07 
 1.65958691e+05  1.14676136e-07 
 1.69824365e+05  1.14139993e-07 
 1.73780083e+05  1.13608596e-07 
 1.77827941e+05  1.13081762e-07 
 1.81970086e+05  1.12559310e-07 
 1.86208714e+05  1.12041055e-07 
 1.90546072e+05  1.11526811e-07 
 1.94984460e+05  1.11016389e-07 
 1.99526231e+05  1.10509599e-07 
 2.04173794e+05  1.10006250e-07 
 2.08929613e+05  1.09506148e-07 
 2.13796209e+05  1.09009100e-07 
 2.18776162e+05  1.08514907e-07 
 2.23872114e+05  1.08023374e-07 
 2.29086765e+05  1.07534301e-07 
 2.34422882e+05  1.07047489e-07 
 2.39883292e+05  1.06562736e-07 
 2.45470892e+05  1.06079843e-07 
 2.51188643e+05  1.05598606e-07 
 2.57039578e+05  1.05118826e-07 
 2.63026799e+05  1.04640299e-07 
 2.69153480e+05  1.04162825e-07 
 2.75422870e+05  1.03686204e-07 
 2.81838293e+05  1.03210236e-07 
 2.88403150e+05  1.02734723e-07 
 2.95120923e+05  1.02259470e-07 
 3.01995172e+05  1.01784282e-07 
 3.09029543e+05  1.01308970e-07 
 3.16227766e+05  1.00833347e-07 
 3.23593657e+05  1.00357228e-07 
 3.31131121e+05  9.98804348e-08 
 3.38844156e+05  9.94027938e-08 
 3.46736850e+05  9.89241366e-08 
 3.54813389e+05  9.84443016e-08 
 3.63078055e+05  9.79631340e-08 
 3.71535229e+05  9.74804866e-08 
 3.80189396e+05  9.69962210e-08 
 3.89045145e+05  9.65102078e-08 
 3.98107171e+05  9.60223274e-08 
 4.07380278e+05  9.55324713e-08 
 4.16869383e+05  9.50405420e-08 
 4.26579519e+05  9.45464546e-08 
 4.36515832e+05  9.40501368e-08 
 4.46683592e+05  9.35515304e-08 
 4.57088190e+05  9.30505914e-08 
 4.67735141e+05  9.25472910e-08 
 4.78630092e+05  9.20416162e-08 
 4.89778819e+05  9.15335703e-08 
 5.01187234e+05  9.10231737e-08 
 5.12861384e+05  9.05104644e-08 
 5.24807460e+05  8.99954981e-08 
 5.37031796e+05  8.94783490e-08 
 5.49540874e+05  8.89591100e-08 
 5.62341325e+05  8.84378927e-08 
 5.75439937e+05  8.79148278e-08 
 5.88843655e+05  8.73900651e-08 
 6.02559586e+05  8.68637730e-08 
 6.16595002e+05  8.63361392e-08 
 6.30957344e+05  8.58073695e-08 
 6.45654229e+05  8.52776879e-08 
 6.60693448e+05  8.47473360e-08 
 6.76082975e+05  8.42165724e-08 
 6.91830971e+05  8.36856717e-08 
 7.07945784e+05  8.31549242e-08 
 7.24435960e+05  8.26246343e-08 
 7.41310241e+05  8.20951199e-08 
 7.58577575e+05  8.15667112e-08 
 7.76247117e+05  8.10397492e-08 
 7.94328235e+05  8.05145848e-08 
 8.12830516e+05  7.99915769e-08 
 8.31763771e+05  7.94710915e-08 
 8.51138038e+05  7.89535000e-08 
 8.70963590e+05  7.84391775e-08 
 8.91250938e+05  7.79285015e-08 
 9.12010839e+05  7.74218505e-08 
 9.33254301e+05  7.69196019e-08 
 9.54992586e+05  7.64221313e-08 
 9.77237221e+05  7.59298102e-08 
 1.00000000e+06  7.54430053e-08 
 1.02329299e+06  7.49620764e-08 
 1.04712855e+06  7.44873758e-08 
 1.07151931e+06  7.40192465e-08 
 1.09647820e+06  7.35580215e-08 
 1.12201845e+06  7.31040223e-08 
 1.14815362e+06  7.26575583e-08 
 1.17489755e+06  7.22189259e-08 
 1.20226443e+06  7.17884076e-08 
 1.23026877e+06  7.13662715e-08 
 1.25892541e+06  7.09527709e-08 
 1.28824955e+06  7.05481436e-08 
 1.31825674e+06  7.01526119e-08 
 1.34896288e+06  6.97663825e-08 
 1.38038426e+06  6.93896460e-08 
 1.41253754e+06  6.90225775e-08 
 1.44543977e+06  6.86653364e-08 
 1.47910839e+06  6.83180668e-08 
 1.51356125e+06  6.79808976e-08 
 1.54881662e+06  6.76539433e-08 
 1.58489319e+06  6.73373039e-08 
 1.62181010e+06  6.70310660e-08 
 1.65958691e+06  6.67353032e-08 
 1.69824365e+06  6.64500764e-08 
 1.73780083e+06  6.61754348e-08 
 1.77827941e+06  6.59114167e-08 
 1.81970086e+06  6.56580496e-08 
 1.86208714e+06  6.54153514e-08 
 1.90546072e+06  6.51833311e-08 
 1.94984460e+06  6.49619889e-08 
 1.99526231e+06  6.47513174e-08 
 2.04173794e+06  6.45513019e-08 
 2.08929613e+06  6.43619208e-08 
 2.13796209e+06  6.41831465e-08 
 2.18776162e+06  6.40149450e-08 
 2.23872114e+06  6.38572771e-08 
 2.29086765e+06  6.37100976e-08 
 2.34422882e+06  6.35733561e-08 
 2.39883292e+06  6.34469963e-08 
 2.45470892e+06  6.33309561e-08 
 2.51188643e+06  6.32251670e-08 
 2.57039578e+06  6.31295532e-08 
 2.63026799e+06  6.30440310e-08 
 2.69153480e+06  6.29685073e-08 
 2.75422870e+06  6.29028785e-08 
 2.81838293e+06  6.28470283e-08 
 2.88403150e+06  6.28008255e-08 
 2.95120923e+06  6.27641217e-08 
 3.01995172e+06  6.27367478e-08 
 3.09029543e+06  6.27185105e-08 
 3.16227766e+06  6.27091882e-08 
 3.23593657e+06  6.27085258e-08 
 3.31131121e+06  6.27162292e-08 
 3.38844156e+06  6.27319588e-08 
 3.46736850e+06  6.27553220e-08 
 3.54813389e+06  6.27858647e-08 
 3.63078055e+06  6.28230619e-08 
 3.71535229e+06  6.28663068e-08 
 3.80189396e+06  6.29148987e-08 
 3.89045145e+06  6.29680295e-08 
 3.98107171e+06  6.30247688e-08 
 4.07380278e+06  6.30840473e-08 
 4.16869383e+06  6.31446388e-08 
 4.26579519e+06  6.32051408e-08 
 4.36515832e+06  6.32639532e-08 
 4.46683592e+06  6.33192567e-08 
 4.57088190e+06  6.33689897e-08 
 4.67735141e+06  6.34108252e-08 
 4.78630092e+06  6.34421478e-08 
 4.89778819e+06  6.34600325e-08 
 5.01187234e+06  6.34612257e-08 
 5.12861384e+06  6.34421308e-08 
 5.24807460e+06  6.33987992e-08 
 5.37031796e+06  6.33269304e-08 
 5.49540874e+06  6.32218822e-08 
 5.62341325e+06  6.30786958e-08 
 5.75439937e+06  6.28921367e-08 
 5.88843655e+06  6.26567556e-08 
 6.02559586e+06  6.23669719e-08 
 6.16595002e+06  6.20171806e-08 
 6.30957344e+06  6.16018842e-08 
 6.45654229e+06  6.11158480e-08 
 6.60693448e+06  6.05542752e-08 
 6.76082975e+06  5.99129976e-08 
 6.91830971e+06  5.91886706e-08 
 7.07945784e+06  5.83789653e-08 
 7.24435960e+06  5.74827423e-08 
 7.41310241e+06  5.65001946e-08 
 7.58577575e+06  5.54329474e-08 
 7.76247117e+06  5.42841021e-08 
 7.94328235e+06  5.30582181e-08 
 8.12830516e+06  5.17612302e-08 
 8.31763771e+06  5.04003030e-08 
 8.51138038e+06  4.89836307e-08 
 8.70963590e+06  4.75201966e-08 
 8.91250938e+06  4.60195054e-08 
 9.12010839e+06  4.44913083e-08 
 9.33254301e+06  4.29453356e-08 
 9.54992586e+06  4.13910524e-08 
 9.77237221e+06  3.98374476e-08 
 1.00000000e+07  3.82928649e-08 
 1.02329299e+07  3.67648772e-08 
 1.04712855e+07  3.52602049e-08 
 1.07151931e+07  3.37846754e-08 
 1.09647820e+07  3.23432172e-08 
 1.12201845e+07  3.09398834e-08 
 1.14815362e+07  2.95778977e-08 
 1.17489755e+07  2.82597158e-08 
 1.20226443e+07  2.69870974e-08 
 1.23026877e+07  2.57611830e-08 
 1.25892541e+07  2.45825720e-08 
 1.28824955e+07  2.34513993e-08 
 1.31825674e+07  2.23674069e-08 
 1.34896288e+07  2.13300112e-08 
 1.38038426e+07  2.03383634e-08 
 1.41253754e+07  1.93914032e-08 
 1.44543977e+07  1.84879065e-08 
 1.47910839e+07  1.76265259e-08 
 1.51356125e+07  1.68058256e-08 
 1.54881662e+07  1.60243114e-08 
 1.58489319e+07  1.52804551e-08 
 1.62181010e+07  1.45727146e-08 
 1.65958691e+07  1.38995505e-08 
 1.69824365e+07  1.32594398e-08 
 1.73780083e+07  1.26508859e-08 
 1.77827941e+07  1.20724268e-08 
 1.81970086e+07  1.15226413e-08 
 1.86208714e+07  1.10001537e-08 
 1.90546072e+07  1.05036364e-08 
 1.94984460e+07  1.00318124e-08 
 1.99526231e+07  9.58345606e-09 
 2.04173794e+07  9.15739358e-09 
 2.08929613e+07  8.75250271e-09 
 2.13796209e+07  8.36771213e-09 
 2.18776162e+07  8.00200035e-09 
 2.23872114e+07  7.65439447e-09 
 2.29086765e+07  7.32396861e-09 
 2.34422882e+07  7.00984237e-09 
 2.39883292e+07  6.71117904e-09 
 2.45470892e+07  6.42718386e-09 
 2.51188643e+07  6.15710225e-09 
 2.57039578e+07  5.90021798e-09 
 2.63026799e+07  5.65585144e-09 
 2.69153480e+07  5.42335789e-09 
 2.75422870e+07  5.20212579e-09 
 2.81838293e+07  4.99157515e-09 
 2.88403150e+07  4.79115597e-09 
 2.95120923e+07  4.60034674e-09 
 3.01995172e+07  4.41865295e-09 
 3.09029543e+07  4.24560577e-09 
 3.16227766e+07  4.08076068e-09 
 3.23593657e+07  3.92369623e-09 
 3.31131121e+07  3.77401287e-09 
 3.38844156e+07  3.63133179e-09 
 3.46736850e+07  3.49529388e-09 
 3.54813389e+07  3.36555866e-09 
 3.63078055e+07  3.24180338e-09 
 3.71535229e+07  3.12372206e-09 
 3.80189396e+07  3.01102464e-09 
 3.89045145e+07  2.90343616e-09 
 3.98107171e+07  2.80069600e-09 
 4.07380278e+07  2.70255713e-09 
 4.16869383e+07  2.60878540e-09 
 4.26579519e+07  2.51915891e-09 
 4.36515832e+07  2.43346739e-09 
 4.46683592e+07  2.35151155e-09 
 4.57088190e+07  2.27310261e-09 
 4.67735141e+07  2.19806168e-09 
 4.78630092e+07  2.12621929e-09 
 4.89778819e+07  2.05741494e-09 
 5.01187234e+07  1.99149658e-09 
 5.12861384e+07  1.92832023e-09 
 5.24807460e+07  1.86774955e-09 
 5.37031796e+07  1.80965542e-09 
 5.49540874e+07  1.75391561e-09 
 5.62341325e+07  1.70041442e-09 
 5.75439937e+07  1.64904231e-09 
 5.88843655e+07  1.59969561e-09 
 6.02559586e+07  1.55227619e-09 
 6.16595002e+07  1.50669119e-09 
 6.30957344e+07  1.46285275e-09 
 6.45654229e+07  1.42067770e-09 
 6.60693448e+07  1.38008738e-09 
 6.76082975e+07  1.34100732e-09 
 6.91830971e+07  1.30336708e-09 
 7.07945784e+07  1.26710000e-09 
 7.24435960e+07  1.23214302e-09 
 7.41310241e+07  1.19843645e-09 
 7.58577575e+07  1.16592380e-09 
 7.76247117e+07  1.13455162e-09 
 7.94328235e+07  1.10426932e-09 
 8.12830516e+07  1.07502900e-09 
 8.31763771e+07  1.04678531e-09 
 8.51138038e+07  1.01949532e-09 
 8.70963590e+07  9.93118372e-10 
 8.91250938e+07  9.67615936e-10 
 9.12010839e+07  9.42951518e-10 
 9.33254301e+07  9.19090529e-10 
 9.54992586e+07  8.96000180e-10 
 9.77237221e+07  8.73649377e-10 
 1.00000000e+08  8.52008629e-10 
