 frequency       onoise_spectrum
 1.00000000e-01  3.19502327e-05 
 1.02329299e-01  3.16404158e-05 
 1.04712855e-01  3.13336050e-05 
 1.07151931e-01  3.10297710e-05 
 1.09647820e-01  3.07288852e-05 
 1.12201845e-01  3.04309186e-05 
 1.14815362e-01  3.01358432e-05 
 1.17489755e-01  2.98436307e-05 
 1.20226443e-01  2.95542534e-05 
 1.23026877e-01  2.92676837e-05 
 1.25892541e-01  2.89838945e-05 
 1.28824955e-01  2.87028586e-05 
 1.31825674e-01  2.84245495e-05 
 1.34896288e-01  2.81489405e-05 
 1.38038426e-01  2.78760055e-05 
 1.41253754e-01  2.76057186e-05 
 1.44543977e-01  2.73380539e-05 
 1.47910839e-01  2.70729862e-05 
 1.51356125e-01  2.68104901e-05 
 1.54881662e-01  2.65505407e-05 
 1.58489319e-01  2.62931132e-05 
 1.62181010e-01  2.60381833e-05 
 1.65958691e-01  2.57857265e-05 
 1.69824365e-01  2.55357191e-05 
 1.73780083e-01  2.52881371e-05 
 1.77827941e-01  2.50429569e-05 
 1.81970086e-01  2.48001554e-05 
 1.86208714e-01  2.45597094e-05 
 1.90546072e-01  2.43215961e-05 
 1.94984460e-01  2.40857927e-05 
 1.99526231e-01  2.38522769e-05 
 2.04173794e-01  2.36210265e-05 
 2.08929613e-01  2.33920195e-05 
 2.13796209e-01  2.31652340e-05 
 2.18776162e-01  2.29406487e-05 
 2.23872114e-01  2.27182420e-05 
 2.29086765e-01  2.24979928e-05 
 2.34422882e-01  2.22798802e-05 
 2.39883292e-01  2.20638835e-05 
 2.45470892e-01  2.18499821e-05 
 2.51188643e-01  2.16381557e-05 
 2.57039578e-01  2.14283841e-05 
 2.63026799e-01  2.12206474e-05 
 2.69153480e-01  2.10149259e-05 
 2.75422870e-01  2.08112000e-05 
 2.81838293e-01  2.06094502e-05 
 2.88403150e-01  2.04096575e-05 
 2.95120923e-01  2.02118029e-05 
 3.01995172e-01  2.00158675e-05 
 3.09029543e-01  1.98218327e-05 
 3.16227766e-01  1.96296800e-05 
 3.23593657e-01  1.94393912e-05 
 3.31131121e-01  1.92509482e-05 
 3.38844156e-01  1.90643332e-05 
 3.46736850e-01  1.88795282e-05 
 3.54813389e-01  1.86965158e-05 
 3.63078055e-01  1.85152786e-05 
 3.71535229e-01  1.83357994e-05 
 3.80189396e-01  1.81580610e-05 
 3.89045145e-01  1.79820467e-05 
 3.98107171e-01  1.78077396e-05 
 4.07380278e-01  1.76351232e-05 
 4.16869383e-01  1.74641811e-05 
 4.26579519e-01  1.72948970e-05 
 4.36515832e-01  1.71272548e-05 
 4.46683592e-01  1.69612387e-05 
 4.57088190e-01  1.67968328e-05 
 4.67735141e-01  1.66340215e-05 
 4.78630092e-01  1.64727894e-05 
 4.89778819e-01  1.63131210e-05 
 5.01187234e-01  1.61550013e-05 
 5.12861384e-01  1.59984152e-05 
 5.24807460e-01  1.58433477e-05 
 5.37031796e-01  1.56897843e-05 
 5.49540874e-01  1.55377103e-05 
 5.62341325e-01  1.53871112e-05 
 5.75439937e-01  1.52379727e-05 
 5.88843655e-01  1.50902806e-05 
 6.02559586e-01  1.49440210e-05 
 6.16595002e-01  1.47991799e-05 
 6.30957344e-01  1.46557435e-05 
 6.45654229e-01  1.45136983e-05 
 6.60693448e-01  1.43730306e-05 
 6.76082975e-01  1.42337273e-05 
 6.91830971e-01  1.40957749e-05 
 7.07945784e-01  1.39591604e-05 
 7.24435960e-01  1.38238708e-05 
 7.41310241e-01  1.36898934e-05 
 7.58577575e-01  1.35572152e-05 
 7.76247117e-01  1.34258238e-05 
 7.94328235e-01  1.32957066e-05 
 8.12830516e-01  1.31668512e-05 
 8.31763771e-01  1.30392456e-05 
 8.51138038e-01  1.29128774e-05 
 8.70963590e-01  1.27877347e-05 
 8.91250938e-01  1.26638056e-05 
 9.12010839e-01  1.25410784e-05 
 9.33254301e-01  1.24195414e-05 
 9.54992586e-01  1.22991829e-05 
 9.77237221e-01  1.21799917e-05 
 1.00000000e+00  1.20619563e-05 
 1.02329299e+00  1.19450656e-05 
 1.04712855e+00  1.18293084e-05 
 1.07151931e+00  1.17146738e-05 
 1.09647820e+00  1.16011508e-05 
 1.12201845e+00  1.14887288e-05 
 1.14815362e+00  1.13773969e-05 
 1.17489755e+00  1.12671446e-05 
 1.20226443e+00  1.11579614e-05 
 1.23026877e+00  1.10498371e-05 
 1.25892541e+00  1.09427612e-05 
 1.28824955e+00  1.08367236e-05 
 1.31825674e+00  1.07317143e-05 
 1.34896288e+00  1.06277233e-05 
 1.38038426e+00  1.05247407e-05 
 1.41253754e+00  1.04227567e-05 
 1.44543977e+00  1.03217616e-05 
 1.47910839e+00  1.02217459e-05 
 1.51356125e+00  1.01227000e-05 
 1.54881662e+00  1.00246145e-05 
 1.58489319e+00  9.92748012e-06 
 1.62181010e+00  9.83128763e-06 
 1.65958691e+00  9.73602789e-06 
 1.69824365e+00  9.64169184e-06 
 1.73780083e+00  9.54827053e-06 
 1.77827941e+00  9.45575509e-06 
 1.81970086e+00  9.36413672e-06 
 1.86208714e+00  9.27340673e-06 
 1.90546072e+00  9.18355650e-06 
 1.94984460e+00  9.09457749e-06 
 1.99526231e+00  9.00646125e-06 
 2.04173794e+00  8.91919942e-06 
 2.08929613e+00  8.83278370e-06 
 2.13796209e+00  8.74720589e-06 
 2.18776162e+00  8.66245787e-06 
 2.23872114e+00  8.57853158e-06 
 2.29086765e+00  8.49541905e-06 
 2.34422882e+00  8.41311239e-06 
 2.39883292e+00  8.33160379e-06 
 2.45470892e+00  8.25088550e-06 
 2.51188643e+00  8.17094985e-06 
 2.57039578e+00  8.09178927e-06 
 2.63026799e+00  8.01339622e-06 
 2.69153480e+00  7.93576327e-06 
 2.75422870e+00  7.85888304e-06 
 2.81838293e+00  7.78274824e-06 
 2.88403150e+00  7.70735162e-06 
 2.95120923e+00  7.63268604e-06 
 3.01995172e+00  7.55874441e-06 
 3.09029543e+00  7.48551969e-06 
 3.16227766e+00  7.41300495e-06 
 3.23593657e+00  7.34119329e-06 
 3.31131121e+00  7.27007790e-06 
 3.38844156e+00  7.19965202e-06 
 3.46736850e+00  7.12990896e-06 
 3.54813389e+00  7.06084211e-06 
 3.63078055e+00  6.99244491e-06 
 3.71535229e+00  6.92471086e-06 
 3.80189396e+00  6.85763353e-06 
 3.89045145e+00  6.79120655e-06 
 3.98107171e+00  6.72542362e-06 
 4.07380278e+00  6.66027849e-06 
 4.16869383e+00  6.59576498e-06 
 4.26579519e+00  6.53187696e-06 
 4.36515832e+00  6.46860836e-06 
 4.46683592e+00  6.40595318e-06 
 4.57088190e+00  6.34390548e-06 
 4.67735141e+00  6.28245935e-06 
 4.78630092e+00  6.22160897e-06 
 4.89778819e+00  6.16134856e-06 
 5.01187234e+00  6.10167240e-06 
 5.12861384e+00  6.04257483e-06 
 5.24807460e+00  5.98405023e-06 
 5.37031796e+00  5.92609305e-06 
 5.49540874e+00  5.86869778e-06 
 5.62341325e+00  5.81185899e-06 
 5.75439937e+00  5.75557127e-06 
 5.88843655e+00  5.69982928e-06 
 6.02559586e+00  5.64462773e-06 
 6.16595002e+00  5.58996138e-06 
 6.30957344e+00  5.53582503e-06 
 6.45654229e+00  5.48221357e-06 
 6.60693448e+00  5.42912188e-06 
 6.76082975e+00  5.37654494e-06 
 6.91830971e+00  5.32447775e-06 
 7.07945784e+00  5.27291537e-06 
 7.24435960e+00  5.22185291e-06 
 7.41310241e+00  5.17128553e-06 
 7.58577575e+00  5.12120841e-06 
 7.76247117e+00  5.07161681e-06 
 7.94328235e+00  5.02250603e-06 
 8.12830516e+00  4.97387140e-06 
 8.31763771e+00  4.92570830e-06 
 8.51138038e+00  4.87801216e-06 
 8.70963590e+00  4.83077847e-06 
 8.91250938e+00  4.78400272e-06 
 9.12010839e+00  4.73768050e-06 
 9.33254301e+00  4.69180739e-06 
 9.54992586e+00  4.64637905e-06 
 9.77237221e+00  4.60139117e-06 
 1.00000000e+01  4.55683947e-06 
 1.02329299e+01  4.51271973e-06 
 1.04712855e+01  4.46902776e-06 
 1.07151931e+01  4.42575942e-06 
 1.09647820e+01  4.38291060e-06 
 1.12201845e+01  4.34047722e-06 
 1.14815362e+01  4.29845528e-06 
 1.17489755e+01  4.25684077e-06 
 1.20226443e+01  4.21562976e-06 
 1.23026877e+01  4.17481832e-06 
 1.25892541e+01  4.13440259e-06 
 1.28824955e+01  4.09437874e-06 
 1.31825674e+01  4.05474296e-06 
 1.34896288e+01  4.01549149e-06 
 1.38038426e+01  3.97662061e-06 
 1.41253754e+01  3.93812663e-06 
 1.44543977e+01  3.90000591e-06 
 1.47910839e+01  3.86225481e-06 
 1.51356125e+01  3.82486976e-06 
 1.54881662e+01  3.78784722e-06 
 1.58489319e+01  3.75118367e-06 
 1.62181010e+01  3.71487563e-06 
 1.65958691e+01  3.67891965e-06 
 1.69824365e+01  3.64331234e-06 
 1.73780083e+01  3.60805030e-06 
 1.77827941e+01  3.57313019e-06 
 1.81970086e+01  3.53854870e-06 
 1.86208714e+01  3.50430256e-06 
 1.90546072e+01  3.47038850e-06 
 1.94984460e+01  3.43680331e-06 
 1.99526231e+01  3.40354381e-06 
 2.04173794e+01  3.37060684e-06 
 2.08929613e+01  3.33798928e-06 
 2.13796209e+01  3.30568803e-06 
 2.18776162e+01  3.27370003e-06 
 2.23872114e+01  3.24202224e-06 
 2.29086765e+01  3.21065166e-06 
 2.34422882e+01  3.17958532e-06 
 2.39883292e+01  3.14882026e-06 
 2.45470892e+01  3.11835357e-06 
 2.51188643e+01  3.08818235e-06 
 2.57039578e+01  3.05830375e-06 
 2.63026799e+01  3.02871494e-06 
 2.69153480e+01  2.99941310e-06 
 2.75422870e+01  2.97039545e-06 
 2.81838293e+01  2.94165925e-06 
 2.88403150e+01  2.91320177e-06 
 2.95120923e+01  2.88502030e-06 
 3.01995172e+01  2.85711218e-06 
 3.09029543e+01  2.82947476e-06 
 3.16227766e+01  2.80210542e-06 
 3.23593657e+01  2.77500156e-06 
 3.31131121e+01  2.74816061e-06 
 3.38844156e+01  2.72158003e-06 
 3.46736850e+01  2.69525729e-06 
 3.54813389e+01  2.66918989e-06 
 3.63078055e+01  2.64337538e-06 
 3.71535229e+01  2.61781129e-06 
 3.80189396e+01  2.59249520e-06 
 3.89045145e+01  2.56742472e-06 
 3.98107171e+01  2.54259746e-06 
 4.07380278e+01  2.51801107e-06 
 4.16869383e+01  2.49366322e-06 
 4.26579519e+01  2.46955159e-06 
 4.36515832e+01  2.44567392e-06 
 4.46683592e+01  2.42202791e-06 
 4.57088190e+01  2.39861135e-06 
 4.67735141e+01  2.37542200e-06 
 4.78630092e+01  2.35245767e-06 
 4.89778819e+01  2.32971618e-06 
 5.01187234e+01  2.30719537e-06 
 5.12861384e+01  2.28489310e-06 
 5.24807460e+01  2.26280727e-06 
 5.37031796e+01  2.24093578e-06 
 5.49540874e+01  2.21927655e-06 
 5.62341325e+01  2.19782753e-06 
 5.75439937e+01  2.17658669e-06 
 5.88843655e+01  2.15555201e-06 
 6.02559586e+01  2.13472149e-06 
 6.16595002e+01  2.11409318e-06 
 6.30957344e+01  2.09366509e-06 
 6.45654229e+01  2.07343531e-06 
 6.60693448e+01  2.05340191e-06 
 6.76082975e+01  2.03356299e-06 
 6.91830971e+01  2.01391668e-06 
 7.07945784e+01  1.99446110e-06 
 7.24435960e+01  1.97519442e-06 
 7.41310241e+01  1.95611481e-06 
 7.58577575e+01  1.93722045e-06 
 7.76247117e+01  1.91850956e-06 
 7.94328235e+01  1.89998037e-06 
 8.12830516e+01  1.88163111e-06 
 8.31763771e+01  1.86346005e-06 
 8.51138038e+01  1.84546546e-06 
 8.70963590e+01  1.82764565e-06 
 8.91250938e+01  1.80999891e-06 
 9.12010839e+01  1.79252358e-06 
 9.33254301e+01  1.77521800e-06 
 9.54992586e+01  1.75808053e-06 
 9.77237221e+01  1.74110954e-06 
 1.00000000e+02  1.72430343e-06 
 1.02329299e+02  1.70766060e-06 
 1.04712855e+02  1.69117947e-06 
 1.07151931e+02  1.67485849e-06 
 1.09647820e+02  1.65869611e-06 
 1.12201845e+02  1.64269079e-06 
 1.14815362e+02  1.62684101e-06 
 1.17489755e+02  1.61114528e-06 
 1.20226443e+02  1.59560210e-06 
 1.23026877e+02  1.58021001e-06 
 1.25892541e+02  1.56496754e-06 
 1.28824955e+02  1.54987325e-06 
 1.31825674e+02  1.53492571e-06 
 1.34896288e+02  1.52012350e-06 
 1.38038426e+02  1.50546522e-06 
 1.41253754e+02  1.49094947e-06 
 1.44543977e+02  1.47657489e-06 
 1.47910839e+02  1.46234012e-06 
 1.51356125e+02  1.44824379e-06 
 1.54881662e+02  1.43428458e-06 
 1.58489319e+02  1.42046116e-06 
 1.62181010e+02  1.40677222e-06 
 1.65958691e+02  1.39321647e-06 
 1.69824365e+02  1.37979261e-06 
 1.73780083e+02  1.36649939e-06 
 1.77827941e+02  1.35333553e-06 
 1.81970086e+02  1.34029980e-06 
 1.86208714e+02  1.32739095e-06 
 1.90546072e+02  1.31460776e-06 
 1.94984460e+02  1.30194901e-06 
 1.99526231e+02  1.28941352e-06 
 2.04173794e+02  1.27700010e-06 
 2.08929613e+02  1.26470755e-06 
 2.13796209e+02  1.25253473e-06 
 2.18776162e+02  1.24048048e-06 
 2.23872114e+02  1.22854365e-06 
 2.29086765e+02  1.21672311e-06 
 2.34422882e+02  1.20501775e-06 
 2.39883292e+02  1.19342645e-06 
 2.45470892e+02  1.18194812e-06 
 2.51188643e+02  1.17058166e-06 
 2.57039578e+02  1.15932600e-06 
 2.63026799e+02  1.14818008e-06 
 2.69153480e+02  1.13714284e-06 
 2.75422870e+02  1.12621323e-06 
 2.81838293e+02  1.11539021e-06 
 2.88403150e+02  1.10467277e-06 
 2.95120923e+02  1.09405987e-06 
 3.01995172e+02  1.08355053e-06 
 3.09029543e+02  1.07314374e-06 
 3.16227766e+02  1.06283852e-06 
 3.23593657e+02  1.05263389e-06 
 3.31131121e+02  1.04252888e-06 
 3.38844156e+02  1.03252254e-06 
 3.46736850e+02  1.02261391e-06 
 3.54813389e+02  1.01280207e-06 
 3.63078055e+02  1.00308607e-06 
 3.71535229e+02  9.93464999e-07 
 3.80189396e+02  9.83937945e-07 
 3.89045145e+02  9.74504006e-07 
 3.98107171e+02  9.65162285e-07 
 4.07380278e+02  9.55911900e-07 
 4.16869383e+02  9.46751971e-07 
 4.26579519e+02  9.37681633e-07 
 4.36515832e+02  9.28700025e-07 
 4.46683592e+02  9.19806296e-07 
 4.57088190e+02  9.10999604e-07 
 4.67735141e+02  9.02279113e-07 
 4.78630092e+02  8.93643997e-07 
 4.89778819e+02  8.85093439e-07 
 5.01187234e+02  8.76626627e-07 
 5.12861384e+02  8.68242760e-07 
 5.24807460e+02  8.59941043e-07 
 5.37031796e+02  8.51720689e-07 
 5.49540874e+02  8.43580919e-07 
 5.62341325e+02  8.35520962e-07 
 5.75439937e+02  8.27540054e-07 
 5.88843655e+02  8.19637439e-07 
 6.02559586e+02  8.11812367e-07 
 6.16595002e+02  8.04064098e-07 
 6.30957344e+02  7.96391896e-07 
 6.45654229e+02  7.88795035e-07 
 6.60693448e+02  7.81272795e-07 
 6.76082975e+02  7.73824462e-07 
 6.91830971e+02  7.66449331e-07 
 7.07945784e+02  7.59146703e-07 
 7.24435960e+02  7.51915885e-07 
 7.41310241e+02  7.44756193e-07 
 7.58577575e+02  7.37666947e-07 
 7.76247117e+02  7.30647476e-07 
 7.94328235e+02  7.23697115e-07 
 8.12830516e+02  7.16815203e-07 
 8.31763771e+02  7.10001090e-07 
 8.51138038e+02  7.03254129e-07 
 8.70963590e+02  6.96573680e-07 
 8.91250938e+02  6.89959111e-07 
 9.12010839e+02  6.83409793e-07 
 9.33254301e+02  6.76925107e-07 
 9.54992586e+02  6.70504437e-07 
 9.77237221e+02  6.64147175e-07 
 1.00000000e+03  6.57852717e-07 
 1.02329299e+03  6.51620468e-07 
 1.04712855e+03  6.45449835e-07 
 1.07151931e+03  6.39340234e-07 
 1.09647820e+03  6.33291085e-07 
 1.12201845e+03  6.27301816e-07 
 1.14815362e+03  6.21371856e-07 
 1.17489755e+03  6.15500645e-07 
 1.20226443e+03  6.09687625e-07 
 1.23026877e+03  6.03932245e-07 
 1.25892541e+03  5.98233959e-07 
 1.28824955e+03  5.92592226e-07 
 1.31825674e+03  5.87006512e-07 
 1.34896288e+03  5.81476285e-07 
 1.38038426e+03  5.76001021e-07 
 1.41253754e+03  5.70580201e-07 
 1.44543977e+03  5.65213310e-07 
 1.47910839e+03  5.59899839e-07 
 1.51356125e+03  5.54639284e-07 
 1.54881662e+03  5.49431144e-07 
 1.58489319e+03  5.44274926e-07 
 1.62181010e+03  5.39170141e-07 
 1.65958691e+03  5.34116302e-07 
 1.69824365e+03  5.29112931e-07 
 1.73780083e+03  5.24159552e-07 
 1.77827941e+03  5.19255695e-07 
 1.81970086e+03  5.14400893e-07 
 1.86208714e+03  5.09594687e-07 
 1.90546072e+03  5.04836618e-07 
 1.94984460e+03  5.00126235e-07 
 1.99526231e+03  4.95463089e-07 
 2.04173794e+03  4.90846739e-07 
 2.08929613e+03  4.86276744e-07 
 2.13796209e+03  4.81752671e-07 
 2.18776162e+03  4.77274089e-07 
 2.23872114e+03  4.72840572e-07 
 2.29086765e+03  4.68451698e-07 
 2.34422882e+03  4.64107049e-07 
 2.39883292e+03  4.59806213e-07 
 2.45470892e+03  4.55548780e-07 
 2.51188643e+03  4.51334344e-07 
 2.57039578e+03  4.47162504e-07 
 2.63026799e+03  4.43032863e-07 
 2.69153480e+03  4.38945027e-07 
 2.75422870e+03  4.34898607e-07 
 2.81838293e+03  4.30893217e-07 
 2.88403150e+03  4.26928476e-07 
 2.95120923e+03  4.23004004e-07 
 3.01995172e+03  4.19119428e-07 
 3.09029543e+03  4.15274377e-07 
 3.16227766e+03  4.11468485e-07 
 3.23593657e+03  4.07701387e-07 
 3.31131121e+03  4.03972724e-07 
 3.38844156e+03  4.00282140e-07 
 3.46736850e+03  3.96629282e-07 
 3.54813389e+03  3.93013800e-07 
 3.63078055e+03  3.89435350e-07 
 3.71535229e+03  3.85893589e-07 
 3.80189396e+03  3.82388177e-07 
 3.89045145e+03  3.78918779e-07 
 3.98107171e+03  3.75485063e-07 
 4.07380278e+03  3.72086699e-07 
 4.16869383e+03  3.68723363e-07 
 4.26579519e+03  3.65394731e-07 
 4.36515832e+03  3.62100483e-07 
 4.46683592e+03  3.58840304e-07 
 4.57088190e+03  3.55613880e-07 
 4.67735141e+03  3.52420902e-07 
 4.78630092e+03  3.49261061e-07 
 4.89778819e+03  3.46134055e-07 
 5.01187234e+03  3.43039581e-07 
 5.12861384e+03  3.39977342e-07 
 5.24807460e+03  3.36947043e-07 
 5.37031796e+03  3.33948391e-07 
 5.49540874e+03  3.30981097e-07 
 5.62341325e+03  3.28044874e-07 
 5.75439937e+03  3.25139438e-07 
 5.88843655e+03  3.22264508e-07 
 6.02559586e+03  3.19419805e-07 
 6.16595002e+03  3.16605055e-07 
 6.30957344e+03  3.13819984e-07 
 6.45654229e+03  3.11064321e-07 
 6.60693448e+03  3.08337799e-07 
 6.76082975e+03  3.05640152e-07 
 6.91830971e+03  3.02971118e-07 
 7.07945784e+03  3.00330438e-07 
 7.24435960e+03  2.97717852e-07 
 7.41310241e+03  2.95133107e-07 
 7.58577575e+03  2.92575948e-07 
 7.76247117e+03  2.90046127e-07 
 7.94328235e+03  2.87543395e-07 
 8.12830516e+03  2.85067507e-07 
 8.31763771e+03  2.82618218e-07 
 8.51138038e+03  2.80195290e-07 
 8.70963590e+03  2.77798481e-07 
 8.91250938e+03  2.75427557e-07 
 9.12010839e+03  2.73082283e-07 
 9.33254301e+03  2.70762427e-07 
 9.54992586e+03  2.68467759e-07 
 9.77237221e+03  2.66198051e-07 
 1.00000000e+04  2.63953078e-07 
 1.02329299e+04  2.61732615e-07 
 1.04712855e+04  2.59536443e-07 
 1.07151931e+04  2.57364340e-07 
 1.09647820e+04  2.55216090e-07 
 1.12201845e+04  2.53091478e-07 
 1.14815362e+04  2.50990288e-07 
 1.17489755e+04  2.48912311e-07 
 1.20226443e+04  2.46857336e-07 
 1.23026877e+04  2.44825155e-07 
 1.25892541e+04  2.42815562e-07 
 1.28824955e+04  2.40828354e-07 
 1.31825674e+04  2.38863327e-07 
 1.34896288e+04  2.36920281e-07 
 1.38038426e+04  2.34999017e-07 
 1.41253754e+04  2.33099339e-07 
 1.44543977e+04  2.31221049e-07 
 1.47910839e+04  2.29363956e-07 
 1.51356125e+04  2.27527865e-07 
 1.54881662e+04  2.25712588e-07 
 1.58489319e+04  2.23917935e-07 
 1.62181010e+04  2.22143718e-07 
 1.65958691e+04  2.20389752e-07 
 1.69824365e+04  2.18655852e-07 
 1.73780083e+04  2.16941836e-07 
 1.77827941e+04  2.15247522e-07 
 1.81970086e+04  2.13572730e-07 
 1.86208714e+04  2.11917283e-07 
 1.90546072e+04  2.10281002e-07 
 1.94984460e+04  2.08663712e-07 
 1.99526231e+04  2.07065239e-07 
 2.04173794e+04  2.05485409e-07 
 2.08929613e+04  2.03924052e-07 
 2.13796209e+04  2.02380995e-07 
 2.18776162e+04  2.00856072e-07 
 2.23872114e+04  1.99349112e-07 
 2.29086765e+04  1.97859951e-07 
 2.34422882e+04  1.96388421e-07 
 2.39883292e+04  1.94934360e-07 
 2.45470892e+04  1.93497602e-07 
 2.51188643e+04  1.92077987e-07 
 2.57039578e+04  1.90675354e-07 
 2.63026799e+04  1.89289541e-07 
 2.69153480e+04  1.87920392e-07 
 2.75422870e+04  1.86567746e-07 
 2.81838293e+04  1.85231449e-07 
 2.88403150e+04  1.83911343e-07 
 2.95120923e+04  1.82607273e-07 
 3.01995172e+04  1.81319087e-07 
 3.09029543e+04  1.80046630e-07 
 3.16227766e+04  1.78789750e-07 
 3.23593657e+04  1.77548297e-07 
 3.31131121e+04  1.76322118e-07 
 3.38844156e+04  1.75111066e-07 
 3.46736850e+04  1.73914990e-07 
 3.54813389e+04  1.72733742e-07 
 3.63078055e+04  1.71567176e-07 
 3.71535229e+04  1.70415143e-07 
 3.80189396e+04  1.69277499e-07 
 3.89045145e+04  1.68154098e-07 
 3.98107171e+04  1.67044796e-07 
 4.07380278e+04  1.65949447e-07 
 4.16869383e+04  1.64867909e-07 
 4.26579519e+04  1.63800038e-07 
 4.36515832e+04  1.62745692e-07 
 4.46683592e+04  1.61704730e-07 
 4.57088190e+04  1.60677010e-07 
 4.67735141e+04  1.59662391e-07 
 4.78630092e+04  1.58660732e-07 
 4.89778819e+04  1.57671893e-07 
 5.01187234e+04  1.56695736e-07 
 5.12861384e+04  1.55732120e-07 
 5.24807460e+04  1.54780906e-07 
 5.37031796e+04  1.53841956e-07 
 5.49540874e+04  1.52915131e-07 
 5.62341325e+04  1.52000294e-07 
 5.75439937e+04  1.51097306e-07 
 5.88843655e+04  1.50206029e-07 
 6.02559586e+04  1.49326326e-07 
 6.16595002e+04  1.48458059e-07 
 6.30957344e+04  1.47601091e-07 
 6.45654229e+04  1.46755285e-07 
 6.60693448e+04  1.45920504e-07 
 6.76082975e+04  1.45096609e-07 
 6.91830971e+04  1.44283464e-07 
 7.07945784e+04  1.43480931e-07 
 7.24435960e+04  1.42688872e-07 
 7.41310241e+04  1.41907150e-07 
 7.58577575e+04  1.41135628e-07 
 7.76247117e+04  1.40374166e-07 
 7.94328235e+04  1.39622627e-07 
 8.12830516e+04  1.38880871e-07 
 8.31763771e+04  1.38148760e-07 
 8.51138038e+04  1.37426154e-07 
 8.70963590e+04  1.36712914e-07 
 8.91250938e+04  1.36008898e-07 
 9.12010839e+04  1.35313966e-07 
 9.33254301e+04  1.34627977e-07 
 9.54992586e+04  1.33950788e-07 
 9.77237221e+04  1.33282256e-07 
 1.00000000e+05  1.32622238e-07 
 1.02329299e+05  1.31970590e-07 
 1.04712855e+05  1.31327167e-07 
 1.07151931e+05  1.30691822e-07 
 1.09647820e+05  1.30064409e-07 
 1.12201845e+05  1.29444779e-07 
 1.14815362e+05  1.28832784e-07 
 1.17489755e+05  1.28228273e-07 
 1.20226443e+05  1.27631096e-07 
 1.23026877e+05  1.27041099e-07 
 1.25892541e+05  1.26458130e-07 
 1.28824955e+05  1.25882033e-07 
 1.31825674e+05  1.25312652e-07 
 1.34896288e+05  1.24749828e-07 
 1.38038426e+05  1.24193403e-07 
 1.41253754e+05  1.23643215e-07 
 1.44543977e+05  1.23099102e-07 
 1.47910839e+05  1.22560900e-07 
 1.51356125e+05  1.22028442e-07 
 1.54881662e+05  1.21501562e-07 
 1.58489319e+05  1.20980090e-07 
 1.62181010e+05  1.20463853e-07 
 1.65958691e+05  1.19952680e-07 
 1.69824365e+05  1.19446394e-07 
 1.73780083e+05  1.18944820e-07 
 1.77827941e+05  1.18447776e-07 
 1.81970086e+05  1.17955083e-07 
 1.86208714e+05  1.17466557e-07 
 1.90546072e+05  1.16982012e-07 
 1.94984460e+05  1.16501262e-07 
 1.99526231e+05  1.16024117e-07 
 2.04173794e+05  1.15550386e-07 
 2.08929613e+05  1.15079874e-07 
 2.13796209e+05  1.14612388e-07 
 2.18776162e+05  1.14147729e-07 
 2.23872114e+05  1.13685698e-07 
 2.29086765e+05  1.13226095e-07 
 2.34422882e+05  1.12768717e-07 
 2.39883292e+05  1.12313360e-07 
 2.45470892e+05  1.11859818e-07 
 2.51188643e+05  1.11407885e-07 
 2.57039578e+05  1.10957353e-07 
 2.63026799e+05  1.10508013e-07 
 2.69153480e+05  1.10059656e-07 
 2.75422870e+05  1.09612072e-07 
 2.81838293e+05  1.09165051e-07 
 2.88403150e+05  1.08718383e-07 
 2.95120923e+05  1.08271859e-07 
 3.01995172e+05  1.07825271e-07 
 3.09029543e+05  1.07378412e-07 
 3.16227766e+05  1.06931076e-07 
 3.23593657e+05  1.06483060e-07 
 3.31131121e+05  1.06034164e-07 
 3.38844156e+05  1.05584189e-07 
 3.46736850e+05  1.05132942e-07 
 3.54813389e+05  1.04680235e-07 
 3.63078055e+05  1.04225882e-07 
 3.71535229e+05  1.03769704e-07 
 3.80189396e+05  1.03311529e-07 
 3.89045145e+05  1.02851192e-07 
 3.98107171e+05  1.02388534e-07 
 4.07380278e+05  1.01923406e-07 
 4.16869383e+05  1.01455669e-07 
 4.26579519e+05  1.00985192e-07 
 4.36515832e+05  1.00511856e-07 
 4.46683592e+05  1.00035554e-07 
 4.57088190e+05  9.95561914e-08 
 4.67735141e+05  9.90736867e-08 
 4.78630092e+05  9.85879727e-08 
 4.89778819e+05  9.80989972e-08 
 5.01187234e+05  9.76067238e-08 
 5.12861384e+05  9.71111324e-08 
 5.24807460e+05  9.66122205e-08 
 5.37031796e+05  9.61100030e-08 
 5.49540874e+05  9.56045135e-08 
 5.62341325e+05  9.50958046e-08 
 5.75439937e+05  9.45839483e-08 
 5.88843655e+05  9.40690364e-08 
 6.02559586e+05  9.35511810e-08 
 6.16595002e+05  9.30305144e-08 
 6.30957344e+05  9.25071895e-08 
 6.45654229e+05  9.19813795e-08 
 6.60693448e+05  9.14532783e-08 
 6.76082975e+05  9.09230995e-08 
 6.91830971e+05  9.03910768e-08 
 7.07945784e+05  8.98574631e-08 
 7.24435960e+05  8.93225300e-08 
 7.41310241e+05  8.87865672e-08 
 7.58577575e+05  8.82498816e-08 
 7.76247117e+05  8.77127963e-08 
 7.94328235e+05  8.71756495e-08 
 8.12830516e+05  8.66387936e-08 
 8.31763771e+05  8.61025936e-08 
 8.51138038e+05  8.55674259e-08 
 8.70963590e+05  8.50336770e-08 
 8.91250938e+05  8.45017418e-08 
 9.12010839e+05  8.39720220e-08 
 9.33254301e+05  8.34449247e-08 
 9.54992586e+05  8.29208608e-08 
 9.77237221e+05  8.24002431e-08 
 1.00000000e+06  8.18834846e-08 
 1.02329299e+06  8.13709974e-08 
 1.04712855e+06  8.08631903e-08 
 1.07151931e+06  8.03604681e-08 
 1.09647820e+06  7.98632292e-08 
 1.12201845e+06  7.93718648e-08 
 1.14815362e+06  7.88867572e-08 
 1.17489755e+06  7.84082786e-08 
 1.20226443e+06  7.79367897e-08 
 1.23026877e+06  7.74726390e-08 
 1.25892541e+06  7.70161615e-08 
 1.28824955e+06  7.65676779e-08 
 1.31825674e+06  7.61274937e-08 
 1.34896288e+06  7.56958990e-08 
 1.38038426e+06  7.52731674e-08 
 1.41253754e+06  7.48595561e-08 
 1.44543977e+06  7.44553054e-08 
 1.47910839e+06  7.40606386e-08 
 1.51356125e+06  7.36757620e-08 
 1.54881662e+06  7.33008648e-08 
 1.58489319e+06  7.29361196e-08 
 1.62181010e+06  7.25816823e-08 
 1.65958691e+06  7.22376926e-08 
 1.69824365e+06  7.19042748e-08 
 1.73780083e+06  7.15815375e-08 
 1.77827941e+06  7.12695750e-08 
 1.81970086e+06  7.09684674e-08 
 1.86208714e+06  7.06782814e-08 
 1.90546072e+06  7.03990711e-08 
 1.94984460e+06  7.01308784e-08 
 1.99526231e+06  6.98737339e-08 
 2.04173794e+06  6.96276576e-08 
 2.08929613e+06  6.93926597e-08 
 2.13796209e+06  6.91687410e-08 
 2.18776162e+06  6.89558933e-08 
 2.23872114e+06  6.87541008e-08 
 2.29086765e+06  6.85633396e-08 
 2.34422882e+06  6.83835787e-08 
 2.39883292e+06  6.82147799e-08 
 2.45470892e+06  6.80568986e-08 
 2.51188643e+06  6.79098831e-08 
 2.57039578e+06  6.77736751e-08 
 2.63026799e+06  6.76482089e-08 
 2.69153480e+06  6.75334114e-08 
 2.75422870e+06  6.74292014e-08 
 2.81838293e+06  6.73354884e-08 
 2.88403150e+06  6.72521715e-08 
 2.95120923e+06  6.71791379e-08 
 3.01995172e+06  6.71162615e-08 
 3.09029543e+06  6.70633999e-08 
 3.16227766e+06  6.70203922e-08 
 3.23593657e+06  6.69870560e-08 
 3.31131121e+06  6.69631833e-08 
 3.38844156e+06  6.69485365e-08 
 3.46736850e+06  6.69428432e-08 
 3.54813389e+06  6.69457910e-08 
 3.63078055e+06  6.69570200e-08 
 3.71535229e+06  6.69761162e-08 
 3.80189396e+06  6.70026026e-08 
 3.89045145e+06  6.70359296e-08 
 3.98107171e+06  6.70754639e-08 
 4.07380278e+06  6.71204769e-08 
 4.16869383e+06  6.71701307e-08 
 4.26579519e+06  6.72234631e-08 
 4.36515832e+06  6.72793711e-08 
 4.46683592e+06  6.73365928e-08 
 4.57088190e+06  6.73936880e-08 
 4.67735141e+06  6.74490168e-08 
 4.78630092e+06  6.75007178e-08 
 4.89778819e+06  6.75466849e-08 
 5.01187234e+06  6.75845441e-08 
 5.12861384e+06  6.76116303e-08 
 5.24807460e+06  6.76249654e-08 
 5.37031796e+06  6.76212393e-08 
 5.49540874e+06  6.75967939e-08 
 5.62341325e+06  6.75476136e-08 
 5.75439937e+06  6.74693238e-08 
 5.88843655e+06  6.73571993e-08 
 6.02559586e+06  6.72061864e-08 
 6.16595002e+06  6.70109412e-08 
 6.30957344e+06  6.67658873e-08 
 6.45654229e+06  6.64652947e-08 
 6.60693448e+06  6.61033828e-08 
 6.76082975e+06  6.56744485e-08 
 6.91830971e+06  6.51730171e-08 
 7.07945784e+06  6.45940159e-08 
 7.24435960e+06  6.39329633e-08 
 7.41310241e+06  6.31861663e-08 
 7.58577575e+06  6.23509176e-08 
 7.76247117e+06  6.14256781e-08 
 7.94328235e+06  6.04102332e-08 
 8.12830516e+06  5.93058084e-08 
 8.31763771e+06  5.81151335e-08 
 8.51138038e+06  5.68424458e-08 
 8.70963590e+06  5.54934277e-08 
 8.91250938e+06  5.40750807e-08 
 9.12010839e+06  5.25955410e-08 
 9.33254301e+06  5.10638480e-08 
 9.54992586e+06  4.94896809e-08 
 9.77237221e+06  4.78830796e-08 
 1.00000000e+07  4.62541684e-08 
 1.02329299e+07  4.46128958e-08 
 1.04712855e+07  4.29688053e-08 
 1.07151931e+07  4.13308446e-08 
 1.09647820e+07  3.97072186e-08 
 1.12201845e+07  3.81052870e-08 
 1.14815362e+07  3.65315051e-08 
 1.17489755e+07  3.49914021e-08 
 1.20226443e+07  3.34895923e-08 
 1.23026877e+07  3.20298122e-08 
 1.25892541e+07  3.06149759e-08 
 1.28824955e+07  2.92472443e-08 
 1.31825674e+07  2.79281016e-08 
 1.34896288e+07  2.66584344e-08 
 1.38038426e+07  2.54386114e-08 
 1.41253754e+07  2.42685589e-08 
 1.44543977e+07  2.31478325e-08 
 1.47910839e+07  2.20756822e-08 
 1.51356125e+07  2.10511111e-08 
 1.54881662e+07  2.00729272e-08 
 1.58489319e+07  1.91397895e-08 
 1.62181010e+07  1.82502460e-08 
 1.65958691e+07  1.74027682e-08 
 1.69824365e+07  1.65957779e-08 
 1.73780083e+07  1.58276716e-08 
 1.77827941e+07  1.50968388e-08 
 1.81970086e+07  1.44016781e-08 
 1.86208714e+07  1.37406090e-08 
 1.90546072e+07  1.31120823e-08 
 1.94984460e+07  1.25145873e-08 
 1.99526231e+07  1.19466573e-08 
 2.04173794e+07  1.14068737e-08 
 2.08929613e+07  1.08938690e-08 
 2.13796209e+07  1.04063282e-08 
 2.18776162e+07  9.94298988e-09 
 2.23872114e+07  9.50264597e-09 
 2.29086765e+07  9.08414178e-09 
 2.34422882e+07  8.68637496e-09 
 2.39883292e+07  8.30829436e-09 
 2.45470892e+07  7.94889868e-09 
 2.51188643e+07  7.60723486e-09 
 2.57039578e+07  7.28239640e-09 
 2.63026799e+07  6.97352160e-09 
 2.69153480e+07  6.67979171e-09 
 2.75422870e+07  6.40042915e-09 
 2.81838293e+07  6.13469562e-09 
 2.88403150e+07  5.88189035e-09 
 2.95120923e+07  5.64134834e-09 
 3.01995172e+07  5.41243862e-09 
 3.09029543e+07  5.19456260e-09 
 3.16227766e+07  4.98715251e-09 
 3.23593657e+07  4.78966981e-09 
 3.31131121e+07  4.60160377e-09 
 3.38844156e+07  4.42247004e-09 
 3.46736850e+07  4.25180930e-09 
 3.54813389e+07  4.08918603e-09 
 3.63078055e+07  3.93418725e-09 
 3.71535229e+07  3.78642139e-09 
 3.80189396e+07  3.64551721e-09 
 3.89045145e+07  3.51112274e-09 
 3.98107171e+07  3.38290428e-09 
 4.07380278e+07  3.26054551e-09 
 4.16869383e+07  3.14374658e-09 
 4.26579519e+07  3.03222326e-09 
 4.36515832e+07  2.92570617e-09 
 4.46683592e+07  2.82393999e-09 
 4.57088190e+07  2.72668279e-09 
 4.67735141e+07  2.63370531e-09 
 4.78630092e+07  2.54479032e-09 
 4.89778819e+07  2.45973204e-09 
 5.01187234e+07  2.37833551e-09 
 5.12861384e+07  2.30041608e-09 
 5.24807460e+07  2.22579885e-09 
 5.37031796e+07  2.15431821e-09 
 5.49540874e+07  2.08581732e-09 
 5.62341325e+07  2.02014770e-09 
 5.75439937e+07  1.95716877e-09 
 5.88843655e+07  1.89674746e-09 
 6.02559586e+07  1.83875781e-09 
 6.16595002e+07  1.78308062e-09 
 6.30957344e+07  1.72960306e-09 
 6.45654229e+07  1.67821837e-09 
 6.60693448e+07  1.62882554e-09 
 6.76082975e+07  1.58132897e-09 
 6.91830971e+07  1.53563822e-09 
 7.07945784e+07  1.49166774e-09 
 7.24435960e+07  1.44933656e-09 
 7.41310241e+07  1.40856809e-09 
 7.58577575e+07  1.36928986e-09 
 7.76247117e+07  1.33143331e-09 
 7.94328235e+07  1.29493355e-09 
 8.12830516e+07  1.25972919e-09 
 8.31763771e+07  1.22576213e-09 
 8.51138038e+07  1.19297739e-09 
 8.70963590e+07  1.16132290e-09 
 8.91250938e+07  1.13074940e-09 
 9.12010839e+07  1.10121021e-09 
 9.33254301e+07  1.07266115e-09 
 9.54992586e+07  1.04506035e-09 
 9.77237221e+07  1.01836816e-09 
 1.00000000e+08  9.92546991e-10 
