 time            v(pad)          i(VDD)         
 0.00000000e+00  2.00208505e-01 -1.25043404e-05 
 2.50000000e-10  2.00208505e-01 -1.25043404e-05 
 5.00000000e-10  2.00208505e-01 -1.25043404e-05 
 1.00000000e-09  2.00208505e-01 -1.25043404e-05 
 2.00000000e-09  2.00208505e-01 -1.25043404e-05 
 4.00000000e-09  2.00208505e-01 -1.25043404e-05 
 8.00000000e-09  2.00208505e-01 -1.25043404e-05 
 1.60000000e-08  2.00208505e-01 -1.25043404e-05 
 3.20000000e-08  2.00208505e-01 -1.25043404e-05 
 5.70000000e-08  2.00208505e-01 -1.25043404e-05 
 8.20000000e-08  2.00208505e-01 -1.25043404e-05 
 1.07000000e-07  2.00208505e-01 -1.25043404e-05 
 1.32000000e-07  2.00208505e-01 -1.25043404e-05 
 1.57000000e-07  2.00208505e-01 -1.25043404e-05 
 1.82000000e-07  2.00208505e-01 -1.25043404e-05 
 2.07000000e-07  2.00208505e-01 -1.25043404e-05 
 2.32000000e-07  2.00208505e-01 -1.25043404e-05 
 2.57000000e-07  2.00208505e-01 -1.25043404e-05 
 2.82000000e-07  2.00208505e-01 -1.25043404e-05 
 3.07000000e-07  2.00208505e-01 -1.25043404e-05 
 3.32000000e-07  2.00208505e-01 -1.25043404e-05 
 3.57000000e-07  2.00208505e-01 -1.25043404e-05 
 3.82000000e-07  2.00208505e-01 -1.25043404e-05 
 4.07000000e-07  2.00208505e-01 -1.25043404e-05 
 4.32000000e-07  2.00208505e-01 -1.25043404e-05 
 4.57000000e-07  2.00208505e-01 -1.25043404e-05 
 4.82000000e-07  2.00208505e-01 -1.25043404e-05 
 5.07000000e-07  2.00208505e-01 -1.25043404e-05 
 5.32000000e-07  2.00208505e-01 -1.25043404e-05 
 5.57000000e-07  2.00208505e-01 -1.25043404e-05 
 5.82000000e-07  2.00208505e-01 -1.25043404e-05 
 6.07000000e-07  2.00208505e-01 -1.25043404e-05 
 6.32000000e-07  2.00208505e-01 -1.25043404e-05 
 6.57000000e-07  2.00208505e-01 -1.25043404e-05 
 6.82000000e-07  2.00208505e-01 -1.25043404e-05 
 7.07000000e-07  2.00208505e-01 -1.25043404e-05 
 7.32000000e-07  2.00208505e-01 -1.25043404e-05 
 7.57000000e-07  2.00208505e-01 -1.25043404e-05 
 7.82000000e-07  2.00208505e-01 -1.25043404e-05 
 8.07000000e-07  2.00208505e-01 -1.25043404e-05 
 8.32000000e-07  2.00208505e-01 -1.25043404e-05 
 8.57000000e-07  2.00208505e-01 -1.25043404e-05 
 8.82000000e-07  2.00208505e-01 -1.25043404e-05 
 9.07000000e-07  2.00208505e-01 -1.25043404e-05 
 9.32000000e-07  2.00208505e-01 -1.25043404e-05 
 9.57000000e-07  2.00208505e-01 -1.25043404e-05 
 9.82000000e-07  2.00208505e-01 -1.25043404e-05 
 1.00700000e-06  2.00208505e-01 -1.25043404e-05 
 1.03200000e-06  2.00208505e-01 -1.25043404e-05 
 1.05700000e-06  2.00208505e-01 -1.25043404e-05 
 1.08200000e-06  2.00208505e-01 -1.25043404e-05 
 1.10700000e-06  2.00208505e-01 -1.25043404e-05 
 1.13200000e-06  2.00208505e-01 -1.25043404e-05 
 1.15700000e-06  2.00208505e-01 -1.25043404e-05 
 1.18200000e-06  2.00208505e-01 -1.25043404e-05 
 1.20700000e-06  2.00208505e-01 -1.25043404e-05 
 1.23200000e-06  2.00208505e-01 -1.25043404e-05 
 1.25700000e-06  2.00208505e-01 -1.25043404e-05 
 1.28200000e-06  2.00208505e-01 -1.25043404e-05 
 1.30700000e-06  2.00208505e-01 -1.25043404e-05 
 1.33200000e-06  2.00208505e-01 -1.25043404e-05 
 1.35700000e-06  2.00208505e-01 -1.25043404e-05 
 1.38200000e-06  2.00208505e-01 -1.25043404e-05 
 1.40700000e-06  2.00208505e-01 -1.25043404e-05 
 1.43200000e-06  2.00208505e-01 -1.25043404e-05 
 1.45700000e-06  2.00208505e-01 -1.25043404e-05 
 1.48200000e-06  2.00208505e-01 -1.25043404e-05 
 1.50700000e-06  2.00208505e-01 -1.25043404e-05 
 1.53200000e-06  2.00208505e-01 -1.25043404e-05 
 1.55700000e-06  2.00208505e-01 -1.25043404e-05 
 1.58200000e-06  2.00208505e-01 -1.25043404e-05 
 1.60700000e-06  2.00208505e-01 -1.25043404e-05 
 1.63200000e-06  2.00208505e-01 -1.25043404e-05 
 1.65700000e-06  2.00208505e-01 -1.25043404e-05 
 1.68200000e-06  2.00208505e-01 -1.25043404e-05 
 1.70700000e-06  2.00208505e-01 -1.25043404e-05 
 1.73200000e-06  2.00208505e-01 -1.25043404e-05 
 1.75700000e-06  2.00208505e-01 -1.25043404e-05 
 1.78200000e-06  2.00208505e-01 -1.25043404e-05 
 1.80700000e-06  2.00208505e-01 -1.25043404e-05 
 1.83200000e-06  2.00208505e-01 -1.25043404e-05 
 1.85700000e-06  2.00208505e-01 -1.25043404e-05 
 1.88200000e-06  2.00208505e-01 -1.25043404e-05 
 1.90700000e-06  2.00208505e-01 -1.25043404e-05 
 1.93200000e-06  2.00208505e-01 -1.25043404e-05 
 1.95700000e-06  2.00208505e-01 -1.25043404e-05 
 1.97850000e-06  2.00208505e-01 -1.25043404e-05 
 2.00000000e-06  2.00208505e-01 -1.25043404e-05 
 2.00001141e-06  2.00209364e-01 -1.29124298e-06 
 2.00003423e-06  2.00212411e-01  1.22447455e-06 
 2.00003797e-06  2.00213152e-01  2.95423168e-07 
 2.00004172e-06  2.00213937e-01 -1.72661263e-08 
 2.00004669e-06  2.00215032e-01 -3.86766075e-08 
 2.00005662e-06  2.00217406e-01  1.16811454e-07 
 2.00006861e-06  2.00220600e-01  3.34861908e-07 
 2.00008743e-06  2.00226337e-01  5.75063846e-07 
 2.00010977e-06  2.00234270e-01  8.15593427e-07 
 2.00015344e-06  2.00252843e-01  1.14846569e-06 
 2.00023575e-06  2.00295724e-01  1.61246234e-06 
 2.00034558e-06  2.00361076e-01  2.07440283e-06 
 2.00048695e-06  2.00446512e-01  2.63434663e-06 
 2.00064768e-06  2.00535605e-01  3.22862250e-06 
 2.00082384e-06  2.00618262e-01  3.88717675e-06 
 2.00100000e-06  2.00683866e-01  4.51885537e-06 
 2.00100013e-06  2.00683908e-01 -6.31509869e-07 
 2.00100039e-06  2.00683992e-01 -8.26818350e-07 
 2.00100092e-06  2.00684159e-01 -2.19705127e-06 
 2.00100174e-06  2.00684418e-01 -3.84565557e-06 
 2.00100339e-06  2.00684919e-01 -6.27462037e-06 
 2.00100669e-06  2.00685856e-01 -8.62978862e-06 
 2.00100980e-06  2.00686656e-01 -9.22301045e-06 
 2.00101327e-06  2.00687467e-01 -9.23952540e-06 
 2.00101663e-06  2.00688177e-01 -9.06460840e-06 
 2.00102074e-06  2.00688961e-01 -8.85190121e-06 
 2.00102499e-06  2.00689687e-01 -8.68587138e-06 
 2.00103015e-06  2.00690471e-01 -8.59231448e-06 
 2.00103577e-06  2.00691218e-01 -8.55270902e-06 
 2.00104268e-06  2.00692001e-01 -8.59201647e-06 
 2.00105071e-06  2.00692730e-01 -8.65233613e-06 
 2.00106096e-06  2.00693386e-01 -8.77352013e-06 
 2.00107403e-06  2.00693778e-01 -8.88803304e-06 
 2.00109218e-06  2.00693494e-01 -9.04440143e-06 
 2.00111972e-06  2.00691278e-01 -9.17604280e-06 
 2.00116684e-06  2.00682959e-01 -9.32402505e-06 
 2.00126108e-06  2.00653154e-01 -9.39395461e-06 
 2.00137823e-06  2.00600138e-01 -9.41676428e-06 
 2.00159317e-06  2.00484388e-01 -9.40492365e-06 
 2.00184799e-06  2.00340504e-01 -9.44071178e-06 
 2.00220072e-06  2.00151164e-01 -9.46804754e-06 
 2.00270043e-06  1.99910897e-01 -9.54638414e-06 
 2.00369984e-06  1.99527693e-01 -9.65414325e-06 
 2.00569866e-06  1.99114536e-01 -9.90318855e-06 
 2.00969631e-06  1.99447550e-01 -1.03078363e-05 
 2.01417108e-06  2.01231940e-01 -1.07208706e-05 
 2.01981534e-06  2.04916269e-01 -1.11115406e-05 
 2.02577178e-06  2.09950177e-01 -1.14563561e-05 
 2.03324688e-06  2.17282567e-01 -1.17428577e-05 
 2.04147345e-06  2.26140195e-01 -1.19825193e-05 
 2.05031786e-06  2.36185645e-01 -1.21220149e-05 
 2.05950016e-06  2.46931758e-01 -1.22355355e-05 
 2.06939788e-06  2.58706917e-01 -1.22822185e-05 
 2.08002458e-06  2.71461143e-01 -1.23335855e-05 
 2.09193016e-06  2.85810569e-01 -1.23382851e-05 
 2.10531339e-06  3.01963772e-01 -1.23625934e-05 
 2.12091636e-06  3.20788565e-01 -1.23500255e-05 
 2.13935747e-06  3.43001259e-01 -1.23642434e-05 
 2.16216799e-06  3.70406146e-01 -1.23461196e-05 
 2.18716799e-06  4.00346681e-01 -1.23578734e-05 
 2.21216799e-06  4.30189407e-01 -1.23392387e-05 
 2.23716799e-06  4.59937995e-01 -1.23510473e-05 
 2.26216799e-06  4.89596087e-01 -1.23323260e-05 
 2.28716799e-06  5.19166955e-01 -1.23439380e-05 
 2.31216799e-06  5.48652708e-01 -1.23249358e-05 
 2.33716799e-06  5.78053493e-01 -1.23361956e-05 
 2.36216799e-06  6.07365196e-01 -1.23167297e-05 
 2.38716799e-06  6.36575696e-01 -1.23273836e-05 
 2.41216799e-06  6.65657037e-01 -1.23071222e-05 
 2.43716799e-06  6.94549825e-01 -1.23168352e-05 
 2.46216799e-06  7.23133369e-01 -1.22956660e-05 
 2.48716799e-06  7.51164827e-01 -1.23051174e-05 
 2.51216799e-06  7.78162670e-01 -1.22857201e-05 
 2.53716799e-06  8.03234616e-01 -1.23014478e-05 
 2.56216799e-06  8.24969974e-01 -1.22954766e-05 
 2.57995365e-06  8.37528964e-01 -1.23242026e-05 
 2.59639473e-06  8.46526830e-01 -1.23257277e-05 
 2.61533761e-06  8.53891073e-01 -1.23620428e-05 
 2.63571197e-06  8.59060543e-01 -1.23665219e-05 
 2.66071197e-06  8.63358274e-01 -1.23973065e-05 
 2.68109523e-06  8.66296391e-01 -1.23876142e-05 
 2.70371825e-06  8.69554286e-01 -1.24045763e-05 
 2.72597568e-06  8.72730982e-01 -1.23892740e-05 
 2.75097568e-06  8.76043232e-01 -1.24046546e-05 
 2.77597568e-06  8.78939590e-01 -1.23901406e-05 
 2.80097568e-06  8.81417522e-01 -1.24064788e-05 
 2.82597568e-06  8.83558790e-01 -1.23921613e-05 
 2.85097568e-06  8.85444047e-01 -1.24081429e-05 
 2.87597568e-06  8.87120315e-01 -1.23933852e-05 
 2.90097568e-06  8.88609618e-01 -1.24090875e-05 
 2.92597568e-06  8.89926676e-01 -1.23941993e-05 
 2.95097568e-06  8.91088168e-01 -1.24098318e-05 
 2.97597568e-06  8.92112733e-01 -1.23948701e-05 
 3.00097568e-06  8.93018015e-01 -1.24104202e-05 
 3.02597568e-06  8.93818871e-01 -1.23953765e-05 
 3.05097568e-06  8.94527543e-01 -1.24108591e-05 
 3.07597568e-06  8.95154473e-01 -1.23957594e-05 
 3.10097568e-06  8.95708985e-01 -1.24111972e-05 
 3.12597568e-06  8.96199462e-01 -1.23960567e-05 
 3.15097568e-06  8.96633396e-01 -1.24114597e-05 
 3.17597568e-06  8.97017363e-01 -1.23962866e-05 
 3.20097568e-06  8.97357156e-01 -1.24116628e-05 
 3.22597568e-06  8.97657856e-01 -1.23964647e-05 
 3.25097568e-06  8.97923974e-01 -1.24118207e-05 
 3.27597568e-06  8.98159488e-01 -1.23966032e-05 
 3.30097568e-06  8.98367933e-01 -1.24119437e-05 
 3.32597568e-06  8.98552422e-01 -1.23967110e-05 
 3.35097568e-06  8.98715721e-01 -1.24120397e-05 
 3.37597568e-06  8.98860259e-01 -1.23967951e-05 
 3.40097568e-06  8.98988201e-01 -1.24121147e-05 
 3.42597568e-06  8.99101447e-01 -1.23968606e-05 
 3.45097568e-06  8.99201695e-01 -1.24121734e-05 
 3.47597568e-06  8.99290431e-01 -1.23969118e-05 
 3.50097568e-06  8.99368985e-01 -1.24122193e-05 
 3.52597568e-06  8.99438519e-01 -1.23969517e-05 
 3.55097568e-06  8.99500076e-01 -1.24122554e-05 
 3.57597568e-06  8.99554565e-01 -1.23969829e-05 
 3.60097568e-06  8.99602804e-01 -1.24122836e-05 
 3.62597568e-06  8.99645505e-01 -1.23970072e-05 
 3.65097568e-06  8.99683310e-01 -1.24123058e-05 
 3.67597568e-06  8.99716773e-01 -1.23970262e-05 
 3.70097568e-06  8.99746401e-01 -1.24123232e-05 
 3.72597568e-06  8.99772626e-01 -1.23970410e-05 
 3.75097568e-06  8.99795845e-01 -1.24123370e-05 
 3.77597568e-06  8.99816398e-01 -1.23970525e-05 
 3.80097568e-06  8.99834595e-01 -1.24123478e-05 
 3.82597568e-06  8.99850702e-01 -1.23970615e-05 
 3.85097568e-06  8.99864964e-01 -1.24123563e-05 
 3.87597568e-06  8.99877588e-01 -1.23970684e-05 
 3.90097568e-06  8.99888766e-01 -1.24123631e-05 
 3.92597568e-06  8.99898659e-01 -1.23970738e-05 
 3.95097568e-06  8.99907420e-01 -1.24123684e-05 
 3.97597568e-06  8.99915173e-01 -1.23970780e-05 
 4.00097568e-06  8.99922039e-01 -1.24123727e-05 
 4.02597568e-06  8.99928116e-01 -1.23970812e-05 
 4.05097568e-06  8.99933497e-01 -1.24123761e-05 
 4.07597568e-06  8.99938260e-01 -1.23970836e-05 
 4.10097568e-06  8.99942477e-01 -1.24123788e-05 
 4.12597568e-06  8.99946210e-01 -1.23970854e-05 
 4.15097568e-06  8.99949515e-01 -1.24123810e-05 
 4.17597568e-06  8.99952440e-01 -1.23970868e-05 
 4.20097568e-06  8.99955032e-01 -1.24123828e-05 
 4.22597568e-06  8.99957324e-01 -1.23970879e-05 
 4.25097568e-06  8.99959355e-01 -1.24123842e-05 
 4.27597568e-06  8.99961151e-01 -1.23970886e-05 
 4.30097568e-06  8.99962743e-01 -1.24123854e-05 
 4.32597568e-06  8.99964151e-01 -1.23970892e-05 
 4.35097568e-06  8.99965399e-01 -1.24123864e-05 
 4.37597568e-06  8.99966502e-01 -1.23970895e-05 
 4.40097568e-06  8.99967480e-01 -1.24123873e-05 
 4.42597568e-06  8.99968345e-01 -1.23970897e-05 
 4.45097568e-06  8.99969111e-01 -1.24123880e-05 
 4.47597568e-06  8.99969789e-01 -1.23970899e-05 
 4.50097568e-06  8.99970390e-01 -1.24123886e-05 
 4.52597568e-06  8.99970921e-01 -1.23970899e-05 
 4.55097568e-06  8.99971392e-01 -1.24123891e-05 
 4.57597568e-06  8.99971808e-01 -1.23970899e-05 
 4.60097568e-06  8.99972177e-01 -1.24123896e-05 
 4.62597568e-06  8.99972503e-01 -1.23970898e-05 
 4.65097568e-06  8.99972793e-01 -1.24123900e-05 
 4.67597568e-06  8.99973048e-01 -1.23970897e-05 
 4.70097568e-06  8.99973275e-01 -1.24123904e-05 
 4.72597568e-06  8.99973475e-01 -1.23970895e-05 
 4.75097568e-06  8.99973653e-01 -1.24123908e-05 
 4.77597568e-06  8.99973810e-01 -1.23970894e-05 
 4.80097568e-06  8.99973949e-01 -1.24123911e-05 
 4.82597568e-06  8.99974072e-01 -1.23970892e-05 
 4.85097568e-06  8.99974182e-01 -1.24123914e-05 
 4.87597568e-06  8.99974278e-01 -1.23970890e-05 
 4.90097568e-06  8.99974364e-01 -1.24123917e-05 
 4.92597568e-06  8.99974439e-01 -1.23970888e-05 
 4.95097568e-06  8.99974506e-01 -1.24123920e-05 
 4.97597568e-06  8.99974565e-01 -1.23970886e-05 
 5.00097568e-06  8.99974618e-01 -1.24123923e-05 
 5.02597568e-06  8.99974664e-01 -1.23970883e-05 
 5.05097568e-06  8.99974706e-01 -1.24123926e-05 
 5.07597568e-06  8.99974742e-01 -1.23970881e-05 
 5.10097568e-06  8.99974774e-01 -1.24123928e-05 
 5.12597568e-06  8.99974803e-01 -1.23970879e-05 
 5.15097568e-06  8.99974828e-01 -1.24123931e-05 
 5.17597568e-06  8.99974850e-01 -1.23970877e-05 
 5.20097568e-06  8.99974870e-01 -1.24123934e-05 
 5.22597568e-06  8.99974888e-01 -1.23970874e-05 
 5.25097568e-06  8.99974903e-01 -1.24123936e-05 
 5.27597568e-06  8.99974917e-01 -1.23970872e-05 
 5.30097568e-06  8.99974929e-01 -1.24123939e-05 
 5.32597568e-06  8.99974940e-01 -1.23970869e-05 
 5.35097568e-06  8.99974950e-01 -1.24123941e-05 
 5.37597568e-06  8.99974958e-01 -1.23970867e-05 
 5.40097568e-06  8.99974965e-01 -1.24123944e-05 
 5.42597568e-06  8.99974972e-01 -1.23970865e-05 
 5.45097568e-06  8.99974978e-01 -1.24123946e-05 
 5.47597568e-06  8.99974983e-01 -1.23970862e-05 
 5.50097568e-06  8.99974988e-01 -1.24123949e-05 
 5.52597568e-06  8.99974992e-01 -1.23970860e-05 
 5.55097568e-06  8.99974995e-01 -1.24123951e-05 
 5.57597568e-06  8.99974998e-01 -1.23970858e-05 
 5.60097568e-06  8.99975001e-01 -1.24123953e-05 
 5.62597568e-06  8.99975004e-01 -1.23970855e-05 
 5.65097568e-06  8.99975006e-01 -1.24123956e-05 
 5.67597568e-06  8.99975008e-01 -1.23970853e-05 
 5.70097568e-06  8.99975010e-01 -1.24123958e-05 
 5.72597568e-06  8.99975011e-01 -1.23970850e-05 
 5.75097568e-06  8.99975013e-01 -1.24123961e-05 
 5.77597568e-06  8.99975014e-01 -1.23970848e-05 
 5.80097568e-06  8.99975015e-01 -1.24123963e-05 
 5.82597568e-06  8.99975016e-01 -1.23970846e-05 
 5.85097568e-06  8.99975017e-01 -1.24123965e-05 
 5.87597568e-06  8.99975017e-01 -1.23970843e-05 
 5.90097568e-06  8.99975018e-01 -1.24123968e-05 
 5.92597568e-06  8.99975019e-01 -1.23970841e-05 
 5.95097568e-06  8.99975019e-01 -1.24123970e-05 
 5.97597568e-06  8.99975019e-01 -1.23970839e-05 
 6.00097568e-06  8.99975020e-01 -1.24123972e-05 
 6.02597568e-06  8.99975020e-01 -1.23970836e-05 
 6.05097568e-06  8.99975021e-01 -1.24123975e-05 
 6.07597568e-06  8.99975021e-01 -1.23970834e-05 
 6.10097568e-06  8.99975021e-01 -1.24123977e-05 
 6.12597568e-06  8.99975021e-01 -1.23970832e-05 
 6.15097568e-06  8.99975022e-01 -1.24123979e-05 
 6.17597568e-06  8.99975022e-01 -1.23970829e-05 
 6.20097568e-06  8.99975022e-01 -1.24123982e-05 
 6.22597568e-06  8.99975022e-01 -1.23970827e-05 
 6.25097568e-06  8.99975022e-01 -1.24123984e-05 
 6.27597568e-06  8.99975022e-01 -1.23970824e-05 
 6.30097568e-06  8.99975022e-01 -1.24123987e-05 
 6.32597568e-06  8.99975022e-01 -1.23970822e-05 
 6.35097568e-06  8.99975023e-01 -1.24123989e-05 
 6.37597568e-06  8.99975023e-01 -1.23970820e-05 
 6.40097568e-06  8.99975023e-01 -1.24123991e-05 
 6.42597568e-06  8.99975023e-01 -1.23970817e-05 
 6.45097568e-06  8.99975023e-01 -1.24123994e-05 
 6.47597568e-06  8.99975023e-01 -1.23970815e-05 
 6.50097568e-06  8.99975023e-01 -1.24123996e-05 
 6.52597568e-06  8.99975023e-01 -1.23970813e-05 
 6.55097568e-06  8.99975023e-01 -1.24123998e-05 
 6.57597568e-06  8.99975023e-01 -1.23970810e-05 
 6.60097568e-06  8.99975023e-01 -1.24124001e-05 
 6.62597568e-06  8.99975023e-01 -1.23970808e-05 
 6.65097568e-06  8.99975023e-01 -1.24124003e-05 
 6.67597568e-06  8.99975023e-01 -1.23970806e-05 
 6.70097568e-06  8.99975023e-01 -1.24124005e-05 
 6.72597568e-06  8.99975023e-01 -1.23970803e-05 
 6.75097568e-06  8.99975023e-01 -1.24124008e-05 
 6.77597568e-06  8.99975023e-01 -1.23970801e-05 
 6.80097568e-06  8.99975023e-01 -1.24124010e-05 
 6.82597568e-06  8.99975023e-01 -1.23970799e-05 
 6.85097568e-06  8.99975023e-01 -1.24124012e-05 
 6.87597568e-06  8.99975023e-01 -1.23970796e-05 
 6.90097568e-06  8.99975023e-01 -1.24124015e-05 
 6.92597568e-06  8.99975023e-01 -1.23970794e-05 
 6.95097568e-06  8.99975023e-01 -1.24124017e-05 
 6.97597568e-06  8.99975023e-01 -1.23970792e-05 
 7.00097568e-06  8.99975023e-01 -1.24124019e-05 
 7.02597568e-06  8.99975023e-01 -1.23970789e-05 
 7.05097568e-06  8.99975023e-01 -1.24124022e-05 
 7.07597568e-06  8.99975023e-01 -1.23970787e-05 
 7.10097568e-06  8.99975023e-01 -1.24124024e-05 
 7.12597568e-06  8.99975023e-01 -1.23970785e-05 
 7.15097568e-06  8.99975023e-01 -1.24124026e-05 
 7.17597568e-06  8.99975023e-01 -1.23970782e-05 
 7.20097568e-06  8.99975023e-01 -1.24124029e-05 
 7.22597568e-06  8.99975023e-01 -1.23970780e-05 
 7.25097568e-06  8.99975023e-01 -1.24124031e-05 
 7.27597568e-06  8.99975023e-01 -1.23970778e-05 
 7.30097568e-06  8.99975023e-01 -1.24124033e-05 
 7.32597568e-06  8.99975023e-01 -1.23970775e-05 
 7.35097568e-06  8.99975023e-01 -1.24124036e-05 
 7.37597568e-06  8.99975023e-01 -1.23970773e-05 
 7.40097568e-06  8.99975023e-01 -1.24124038e-05 
 7.42597568e-06  8.99975023e-01 -1.23970771e-05 
 7.45097568e-06  8.99975023e-01 -1.24124040e-05 
 7.47597568e-06  8.99975023e-01 -1.23970768e-05 
 7.50097568e-06  8.99975023e-01 -1.24124043e-05 
 7.52597568e-06  8.99975023e-01 -1.23970766e-05 
 7.55097568e-06  8.99975023e-01 -1.24124045e-05 
 7.57597568e-06  8.99975023e-01 -1.23970763e-05 
 7.60097568e-06  8.99975023e-01 -1.24124048e-05 
 7.62597568e-06  8.99975023e-01 -1.23970761e-05 
 7.65097568e-06  8.99975023e-01 -1.24124050e-05 
 7.67597568e-06  8.99975023e-01 -1.23970759e-05 
 7.70097568e-06  8.99975023e-01 -1.24124052e-05 
 7.72597568e-06  8.99975023e-01 -1.23970756e-05 
 7.75097568e-06  8.99975023e-01 -1.24124055e-05 
 7.77597568e-06  8.99975023e-01 -1.23970754e-05 
 7.80097568e-06  8.99975023e-01 -1.24124057e-05 
 7.82597568e-06  8.99975023e-01 -1.23970752e-05 
 7.85097568e-06  8.99975023e-01 -1.24124059e-05 
 7.87597568e-06  8.99975023e-01 -1.23970749e-05 
 7.90097568e-06  8.99975023e-01 -1.24124062e-05 
 7.92597568e-06  8.99975023e-01 -1.23970747e-05 
 7.95097568e-06  8.99975023e-01 -1.24124064e-05 
 7.97597568e-06  8.99975023e-01 -1.23970745e-05 
 8.00097568e-06  8.99975023e-01 -1.24124066e-05 
 8.02597568e-06  8.99975023e-01 -1.23970742e-05 
 8.05097568e-06  8.99975023e-01 -1.24124069e-05 
 8.07597568e-06  8.99975023e-01 -1.23970740e-05 
 8.10097568e-06  8.99975023e-01 -1.24124071e-05 
 8.12597568e-06  8.99975023e-01 -1.23970738e-05 
 8.15097568e-06  8.99975023e-01 -1.24124073e-05 
 8.17597568e-06  8.99975023e-01 -1.23970735e-05 
 8.20097568e-06  8.99975023e-01 -1.24124076e-05 
 8.22597568e-06  8.99975023e-01 -1.23970733e-05 
 8.25097568e-06  8.99975023e-01 -1.24124078e-05 
 8.27597568e-06  8.99975023e-01 -1.23970730e-05 
 8.30097568e-06  8.99975023e-01 -1.24124081e-05 
 8.32597568e-06  8.99975023e-01 -1.23970728e-05 
 8.35097568e-06  8.99975023e-01 -1.24124083e-05 
 8.37597568e-06  8.99975023e-01 -1.23970726e-05 
 8.40097568e-06  8.99975023e-01 -1.24124085e-05 
 8.42597568e-06  8.99975023e-01 -1.23970723e-05 
 8.45097568e-06  8.99975023e-01 -1.24124088e-05 
 8.47597568e-06  8.99975023e-01 -1.23970721e-05 
 8.50097568e-06  8.99975023e-01 -1.24124090e-05 
 8.52597568e-06  8.99975023e-01 -1.23970719e-05 
 8.55097568e-06  8.99975023e-01 -1.24124092e-05 
 8.57597568e-06  8.99975023e-01 -1.23970716e-05 
 8.60097568e-06  8.99975023e-01 -1.24124095e-05 
 8.62597568e-06  8.99975023e-01 -1.23970714e-05 
 8.65097568e-06  8.99975023e-01 -1.24124097e-05 
 8.67597568e-06  8.99975023e-01 -1.23970711e-05 
 8.70097568e-06  8.99975023e-01 -1.24124100e-05 
 8.72597568e-06  8.99975023e-01 -1.23970709e-05 
 8.75097568e-06  8.99975023e-01 -1.24124102e-05 
 8.77597568e-06  8.99975023e-01 -1.23970707e-05 
 8.80097568e-06  8.99975023e-01 -1.24124104e-05 
 8.82597568e-06  8.99975023e-01 -1.23970704e-05 
 8.85097568e-06  8.99975023e-01 -1.24124107e-05 
 8.87597568e-06  8.99975023e-01 -1.23970702e-05 
 8.90097568e-06  8.99975023e-01 -1.24124109e-05 
 8.92597568e-06  8.99975023e-01 -1.23970700e-05 
 8.95097568e-06  8.99975023e-01 -1.24124111e-05 
 8.97597568e-06  8.99975023e-01 -1.23970697e-05 
 9.00097568e-06  8.99975023e-01 -1.24124114e-05 
 9.02597568e-06  8.99975023e-01 -1.23970695e-05 
 9.05097568e-06  8.99975023e-01 -1.24124116e-05 
 9.07597568e-06  8.99975023e-01 -1.23970692e-05 
 9.10097568e-06  8.99975023e-01 -1.24124119e-05 
 9.12597568e-06  8.99975023e-01 -1.23970690e-05 
 9.15097568e-06  8.99975023e-01 -1.24124121e-05 
 9.17597568e-06  8.99975023e-01 -1.23970688e-05 
 9.20097568e-06  8.99975023e-01 -1.24124123e-05 
 9.22597568e-06  8.99975023e-01 -1.23970685e-05 
 9.25097568e-06  8.99975023e-01 -1.24124126e-05 
 9.27597568e-06  8.99975023e-01 -1.23970683e-05 
 9.30097568e-06  8.99975023e-01 -1.24124128e-05 
 9.32597568e-06  8.99975023e-01 -1.23970680e-05 
 9.35097568e-06  8.99975023e-01 -1.24124131e-05 
 9.37597568e-06  8.99975023e-01 -1.23970678e-05 
 9.40097568e-06  8.99975023e-01 -1.24124133e-05 
 9.42597568e-06  8.99975023e-01 -1.23970676e-05 
 9.45097568e-06  8.99975023e-01 -1.24124135e-05 
 9.47597568e-06  8.99975023e-01 -1.23970673e-05 
 9.50097568e-06  8.99975023e-01 -1.24124138e-05 
 9.52597568e-06  8.99975023e-01 -1.23970671e-05 
 9.55097568e-06  8.99975023e-01 -1.24124140e-05 
 9.57597568e-06  8.99975023e-01 -1.23970668e-05 
 9.60097568e-06  8.99975023e-01 -1.24124143e-05 
 9.62597568e-06  8.99975023e-01 -1.23970666e-05 
 9.65097568e-06  8.99975023e-01 -1.24124145e-05 
 9.67597568e-06  8.99975023e-01 -1.23970664e-05 
 9.70097568e-06  8.99975023e-01 -1.24124147e-05 
 9.72597568e-06  8.99975023e-01 -1.23970661e-05 
 9.75097568e-06  8.99975023e-01 -1.24124150e-05 
 9.77597568e-06  8.99975023e-01 -1.23970659e-05 
 9.80097568e-06  8.99975023e-01 -1.24124152e-05 
 9.82597568e-06  8.99975023e-01 -1.23970656e-05 
 9.85097568e-06  8.99975023e-01 -1.24124155e-05 
 9.87597568e-06  8.99975023e-01 -1.23970654e-05 
 9.90097568e-06  8.99975023e-01 -1.24124157e-05 
 9.92597568e-06  8.99975023e-01 -1.23970652e-05 
 9.95097568e-06  8.99975023e-01 -1.24124159e-05 
 9.97597568e-06  8.99975023e-01 -1.23970649e-05 
 1.00009757e-05  8.99975023e-01 -1.24124162e-05 
 1.00259757e-05  8.99975023e-01 -1.23970647e-05 
 1.00509757e-05  8.99975023e-01 -1.24124164e-05 
 1.00759757e-05  8.99975023e-01 -1.23970644e-05 
 1.01009757e-05  8.99975023e-01 -1.24124167e-05 
 1.01259757e-05  8.99975023e-01 -1.23970642e-05 
 1.01509757e-05  8.99975023e-01 -1.24124169e-05 
 1.01759757e-05  8.99975023e-01 -1.23970640e-05 
 1.02009757e-05  8.99975023e-01 -1.24124171e-05 
 1.02259757e-05  8.99975023e-01 -1.23970637e-05 
 1.02509757e-05  8.99975023e-01 -1.24124174e-05 
 1.02759757e-05  8.99975023e-01 -1.23970635e-05 
 1.03009757e-05  8.99975023e-01 -1.24124176e-05 
 1.03259757e-05  8.99975023e-01 -1.23970632e-05 
 1.03509757e-05  8.99975023e-01 -1.24124179e-05 
 1.03759757e-05  8.99975023e-01 -1.23970630e-05 
 1.04009757e-05  8.99975023e-01 -1.24124181e-05 
 1.04259757e-05  8.99975023e-01 -1.23970628e-05 
 1.04509757e-05  8.99975023e-01 -1.24124184e-05 
 1.04759757e-05  8.99975023e-01 -1.23970625e-05 
 1.05009757e-05  8.99975023e-01 -1.24124186e-05 
 1.05259757e-05  8.99975023e-01 -1.23970623e-05 
 1.05509757e-05  8.99975023e-01 -1.24124188e-05 
 1.05759757e-05  8.99975023e-01 -1.23970620e-05 
 1.06009757e-05  8.99975023e-01 -1.24124191e-05 
 1.06259757e-05  8.99975023e-01 -1.23970618e-05 
 1.06509757e-05  8.99975023e-01 -1.24124193e-05 
 1.06759757e-05  8.99975023e-01 -1.23970615e-05 
 1.07009757e-05  8.99975023e-01 -1.24124196e-05 
 1.07259757e-05  8.99975023e-01 -1.23970613e-05 
 1.07509757e-05  8.99975023e-01 -1.24124198e-05 
 1.07759757e-05  8.99975023e-01 -1.23970611e-05 
 1.08009757e-05  8.99975023e-01 -1.24124200e-05 
 1.08259757e-05  8.99975023e-01 -1.23970608e-05 
 1.08509757e-05  8.99975023e-01 -1.24124203e-05 
 1.08759757e-05  8.99975023e-01 -1.23970606e-05 
 1.09009757e-05  8.99975023e-01 -1.24124205e-05 
 1.09259757e-05  8.99975023e-01 -1.23970603e-05 
 1.09509757e-05  8.99975023e-01 -1.24124208e-05 
 1.09759757e-05  8.99975023e-01 -1.23970601e-05 
 1.10009757e-05  8.99975023e-01 -1.24124210e-05 
 1.10259757e-05  8.99975023e-01 -1.23970598e-05 
 1.10509757e-05  8.99975023e-01 -1.24124213e-05 
 1.10759757e-05  8.99975023e-01 -1.23970596e-05 
 1.11009757e-05  8.99975023e-01 -1.24124215e-05 
 1.11259757e-05  8.99975023e-01 -1.23970594e-05 
 1.11509757e-05  8.99975023e-01 -1.24124217e-05 
 1.11759757e-05  8.99975023e-01 -1.23970591e-05 
 1.12009757e-05  8.99975023e-01 -1.24124220e-05 
 1.12259757e-05  8.99975023e-01 -1.23970589e-05 
 1.12509757e-05  8.99975023e-01 -1.24124222e-05 
 1.12759757e-05  8.99975023e-01 -1.23970586e-05 
 1.13009757e-05  8.99975023e-01 -1.24124225e-05 
 1.13259757e-05  8.99975023e-01 -1.23970584e-05 
 1.13509757e-05  8.99975023e-01 -1.24124227e-05 
 1.13759757e-05  8.99975023e-01 -1.23970581e-05 
 1.14009757e-05  8.99975023e-01 -1.24124230e-05 
 1.14259757e-05  8.99975023e-01 -1.23970579e-05 
 1.14509757e-05  8.99975023e-01 -1.24124232e-05 
 1.14759757e-05  8.99975023e-01 -1.23970577e-05 
 1.15009757e-05  8.99975023e-01 -1.24124234e-05 
 1.15259757e-05  8.99975023e-01 -1.23970574e-05 
 1.15509757e-05  8.99975023e-01 -1.24124237e-05 
 1.15759757e-05  8.99975023e-01 -1.23970572e-05 
 1.16009757e-05  8.99975023e-01 -1.24124239e-05 
 1.16259757e-05  8.99975023e-01 -1.23970569e-05 
 1.16509757e-05  8.99975023e-01 -1.24124242e-05 
 1.16759757e-05  8.99975023e-01 -1.23970567e-05 
 1.17009757e-05  8.99975023e-01 -1.24124244e-05 
 1.17259757e-05  8.99975023e-01 -1.23970564e-05 
 1.17509757e-05  8.99975023e-01 -1.24124247e-05 
 1.17759757e-05  8.99975023e-01 -1.23970562e-05 
 1.18009757e-05  8.99975023e-01 -1.24124249e-05 
 1.18259757e-05  8.99975023e-01 -1.23970560e-05 
 1.18509757e-05  8.99975023e-01 -1.24124252e-05 
 1.18759757e-05  8.99975023e-01 -1.23970557e-05 
 1.19009757e-05  8.99975023e-01 -1.24124254e-05 
 1.19259757e-05  8.99975023e-01 -1.23970555e-05 
 1.19509757e-05  8.99975023e-01 -1.24124256e-05 
 1.19759757e-05  8.99975023e-01 -1.23970552e-05 
 1.20000000e-05  8.99975023e-01 -1.24124259e-05 
 1.20000127e-05  8.99974034e-01 -2.41293671e-05 
 1.20000382e-05  8.99970558e-01 -2.67659305e-05 
 1.20000421e-05  8.99969784e-01 -2.58529608e-05 
 1.20000460e-05  8.99968951e-01 -2.55575062e-05 
 1.20000512e-05  8.99967797e-01 -2.55406433e-05 
 1.20000615e-05  8.99965273e-01 -2.57101877e-05 
 1.20000712e-05  8.99962635e-01 -2.58757790e-05 
 1.20000869e-05  8.99957745e-01 -2.60674069e-05 
 1.20001039e-05  8.99951668e-01 -2.62444758e-05 
 1.20001380e-05  8.99937201e-01 -2.65168207e-05 
 1.20001885e-05  8.99910950e-01 -2.68606685e-05 
 1.20002895e-05  8.99847921e-01 -2.74763907e-05 
 1.20003991e-05  8.99773712e-01 -2.81954684e-05 
 1.20005124e-05  8.99701930e-01 -2.89798809e-05 
 1.20006258e-05  8.99642286e-01 -2.98266284e-05 
 1.20007589e-05  8.99591875e-01 -3.08265086e-05 
 1.20008794e-05  8.99563141e-01 -3.17502925e-05 
 1.20010000e-05  8.99544290e-01 -3.26501780e-05 
 1.20010001e-05  8.99544277e-01 -2.75133948e-05 
 1.20010003e-05  8.99544251e-01 -2.74932552e-05 
 1.20010007e-05  8.99544199e-01 -2.65588163e-05 
 1.20010013e-05  8.99544117e-01 -2.52813441e-05 
 1.20010027e-05  8.99543961e-01 -2.34404238e-05 
 1.20010053e-05  8.99543692e-01 -2.11033013e-05 
 1.20010083e-05  8.99543451e-01 -1.99619481e-05 
 1.20010117e-05  8.99543260e-01 -1.94907930e-05 
 1.20010149e-05  8.99543147e-01 -1.94902446e-05 
 1.20010188e-05  8.99543092e-01 -1.95520355e-05 
 1.20010229e-05  8.99543112e-01 -1.97138111e-05 
 1.20010277e-05  8.99543225e-01 -1.97714367e-05 
 1.20010330e-05  8.99543447e-01 -1.98573797e-05 
 1.20010393e-05  8.99543833e-01 -1.98081299e-05 
 1.20010467e-05  8.99544440e-01 -1.97962349e-05 
 1.20010558e-05  8.99545396e-01 -1.96627557e-05 
 1.20010674e-05  8.99546926e-01 -1.95877070e-05 
 1.20010827e-05  8.99549414e-01 -1.94092972e-05 
 1.20011052e-05  8.99553860e-01 -1.92996260e-05 
 1.20011402e-05  8.99561784e-01 -1.90950815e-05 
 1.20012101e-05  8.99576135e-01 -1.89472947e-05 
 1.20013016e-05  8.99580002e-01 -1.87437532e-05 
 1.20014629e-05  8.99508852e-01 -1.85282304e-05 
 1.20016301e-05  8.99304881e-01 -1.82174091e-05 
 1.20018458e-05  8.98836606e-01 -1.79489440e-05 
 1.20020574e-05  8.98168284e-01 -1.76501012e-05 
 1.20023271e-05  8.97057997e-01 -1.74311986e-05 
 1.20026050e-05  8.95656369e-01 -1.71755408e-05 
 1.20029543e-05  8.93595601e-01 -1.70073589e-05 
 1.20033233e-05  8.91127461e-01 -1.67881603e-05 
 1.20037812e-05  8.87745141e-01 -1.66546977e-05 
 1.20042764e-05  8.83785117e-01 -1.64563609e-05 
 1.20048870e-05  8.78597401e-01 -1.63385127e-05 
 1.20055617e-05  8.72599595e-01 -1.61445693e-05 
 1.20063909e-05  8.65007080e-01 -1.60248680e-05 
 1.20073257e-05  8.56320614e-01 -1.58200826e-05 
 1.20084753e-05  8.45653530e-01 -1.56833174e-05 
 1.20097976e-05  8.33610847e-01 -1.54541575e-05 
 1.20114338e-05  8.19281820e-01 -1.52871799e-05 
 1.20133616e-05  8.03431269e-01 -1.50215075e-05 
 1.20157850e-05  7.85290868e-01 -1.48125386e-05 
 1.20187358e-05  7.65961300e-01 -1.44997984e-05 
 1.20224087e-05  7.45926250e-01 -1.42514953e-05 
 1.20262108e-05  7.29372527e-01 -1.39525237e-05 
 1.20305292e-05  7.14843484e-01 -1.37491290e-05 
 1.20350484e-05  7.03469662e-01 -1.34922757e-05 
 1.20403113e-05  6.93843945e-01 -1.33303963e-05 
 1.20461667e-05  6.86305078e-01 -1.31067210e-05 
 1.20534880e-05  6.79770698e-01 -1.29763861e-05 
 1.20622946e-05  6.74135248e-01 -1.27860233e-05 
 1.20713348e-05  6.69236096e-01 -1.27273983e-05 
 1.20804904e-05  6.64061406e-01 -1.26201198e-05 
 1.20902118e-05  6.57624918e-01 -1.26229253e-05 
 1.21009618e-05  6.48998545e-01 -1.25596919e-05 
 1.21133250e-05  6.37105440e-01 -1.25961569e-05 
 1.21277261e-05  6.21095347e-01 -1.25579054e-05 
 1.21434630e-05  6.01914407e-01 -1.26085736e-05 
 1.21630315e-05  5.77081091e-01 -1.25737977e-05 
 1.21875690e-05  5.45918604e-01 -1.26200445e-05 
 1.22118275e-05  5.15681502e-01 -1.25773201e-05 
 1.22368275e-05  4.85067166e-01 -1.26182644e-05 
 1.22618275e-05  4.54860534e-01 -1.25734932e-05 
 1.22868275e-05  4.25144652e-01 -1.26118048e-05 
 1.23118275e-05  3.96250008e-01 -1.25616450e-05 
 1.23368275e-05  3.68693624e-01 -1.25917062e-05 
 1.23618275e-05  3.43161801e-01 -1.25321946e-05 
 1.23868275e-05  3.20550956e-01 -1.25556697e-05 
 1.24059607e-05  3.05874254e-01 -1.25005615e-05 
 1.24219289e-05  2.95764963e-01 -1.25357204e-05 
 1.24412459e-05  2.86196589e-01 -1.24887809e-05 
 1.24599824e-05  2.79145926e-01 -1.25302124e-05 
 1.24800994e-05  2.72865893e-01 -1.24889216e-05 
 1.25011809e-05  2.66601749e-01 -1.25341353e-05 
 1.25236952e-05  2.59796607e-01 -1.24948681e-05 
 1.25473658e-05  2.52837046e-01 -1.25392089e-05 
 1.25723658e-05  2.46285721e-01 -1.24964765e-05 
 1.25973658e-05  2.40759984e-01 -1.25372879e-05 
 1.26223658e-05  2.36067872e-01 -1.24931308e-05 
 1.26473658e-05  2.31940886e-01 -1.25344081e-05 
 1.26723658e-05  2.28239096e-01 -1.24911676e-05 
 1.26973658e-05  2.24934845e-01 -1.25329221e-05 
 1.27223658e-05  2.22021099e-01 -1.24897258e-05 
 1.27473658e-05  2.19464943e-01 -1.25314377e-05 
 1.27723658e-05  2.17216247e-01 -1.24883163e-05 
 1.27973658e-05  2.15229242e-01 -1.25301944e-05 
 1.28223658e-05  2.13470742e-01 -1.24872423e-05 
 1.28473658e-05  2.11916117e-01 -1.25292442e-05 
 1.28723658e-05  2.10543669e-01 -1.24863845e-05 
 1.28973658e-05  2.09332532e-01 -1.25284662e-05 
 1.29223658e-05  2.08263357e-01 -1.24856877e-05 
 1.29473658e-05  2.07319112e-01 -1.25278457e-05 
 1.29723658e-05  2.06485166e-01 -1.24851380e-05 
 1.29973658e-05  2.05748766e-01 -1.25273560e-05 
 1.30223658e-05  2.05098635e-01 -1.24847030e-05 
 1.30473658e-05  2.04524700e-01 -1.25269681e-05 
 1.30723658e-05  2.04018039e-01 -1.24843593e-05 
 1.30973658e-05  2.03570758e-01 -1.25266624e-05 
 1.31223658e-05  2.03175921e-01 -1.24840893e-05 
 1.31473658e-05  2.02827389e-01 -1.25264223e-05 
 1.31723658e-05  2.02519756e-01 -1.24838774e-05 
 1.31973658e-05  2.02248222e-01 -1.25262338e-05 
 1.32223658e-05  2.02008567e-01 -1.24837114e-05 
 1.32473658e-05  2.01797043e-01 -1.25260861e-05 
 1.32723658e-05  2.01610362e-01 -1.24835815e-05 
 1.32973658e-05  2.01445602e-01 -1.25259705e-05 
 1.33223658e-05  2.01300199e-01 -1.24834801e-05 
 1.33473658e-05  2.01171875e-01 -1.25258801e-05 
 1.33723658e-05  2.01058631e-01 -1.24834010e-05 
 1.33973658e-05  2.00958691e-01 -1.25258095e-05 
 1.34223658e-05  2.00870499e-01 -1.24833393e-05 
 1.34473658e-05  2.00792668e-01 -1.25257543e-05 
 1.34723658e-05  2.00723989e-01 -1.24832913e-05 
 1.34973658e-05  2.00663379e-01 -1.25257111e-05 
 1.35223658e-05  2.00609897e-01 -1.24832539e-05 
 1.35473658e-05  2.00562699e-01 -1.25256774e-05 
 1.35723658e-05  2.00521053e-01 -1.24832249e-05 
 1.35973658e-05  2.00484300e-01 -1.25256511e-05 
 1.36223658e-05  2.00451871e-01 -1.24832023e-05 
 1.36473658e-05  2.00423252e-01 -1.25256305e-05 
 1.36723658e-05  2.00398001e-01 -1.24831848e-05 
 1.36973658e-05  2.00375716e-01 -1.25256144e-05 
 1.37223658e-05  2.00356055e-01 -1.24831712e-05 
 1.37473658e-05  2.00338702e-01 -1.25256017e-05 
 1.37723658e-05  2.00323393e-01 -1.24831607e-05 
 1.37973658e-05  2.00309881e-01 -1.25255918e-05 
 1.38223658e-05  2.00297961e-01 -1.24831526e-05 
 1.38473658e-05  2.00287440e-01 -1.25255841e-05 
 1.38723658e-05  2.00278158e-01 -1.24831463e-05 
 1.38973658e-05  2.00269966e-01 -1.25255779e-05 
 1.39223658e-05  2.00262739e-01 -1.24831415e-05 
 1.39473658e-05  2.00256360e-01 -1.25255731e-05 
 1.39723658e-05  2.00250733e-01 -1.24831378e-05 
 1.39973658e-05  2.00245766e-01 -1.25255693e-05 
 1.40223658e-05  2.00241385e-01 -1.24831350e-05 
 1.40473658e-05  2.00237518e-01 -1.25255662e-05 
 1.40723658e-05  2.00234107e-01 -1.24831329e-05 
 1.40973658e-05  2.00231095e-01 -1.25255638e-05 
 1.41223658e-05  2.00228439e-01 -1.24831313e-05 
 1.41473658e-05  2.00226094e-01 -1.25255618e-05 
 1.41723658e-05  2.00224026e-01 -1.24831301e-05 
 1.41973658e-05  2.00222200e-01 -1.25255602e-05 
 1.42223658e-05  2.00220591e-01 -1.24831293e-05 
 1.42473658e-05  2.00219169e-01 -1.25255589e-05 
 1.42723658e-05  2.00217915e-01 -1.24831287e-05 
 1.42973658e-05  2.00216808e-01 -1.25255579e-05 
 1.43223658e-05  2.00215832e-01 -1.24831283e-05 
 1.43473658e-05  2.00214970e-01 -1.25255570e-05 
 1.43723658e-05  2.00214210e-01 -1.24831280e-05 
 1.43973658e-05  2.00213539e-01 -1.25255562e-05 
 1.44223658e-05  2.00212947e-01 -1.24831279e-05 
 1.44473658e-05  2.00212424e-01 -1.25255556e-05 
 1.44723658e-05  2.00211964e-01 -1.24831278e-05 
 1.44973658e-05  2.00211557e-01 -1.25255550e-05 
 1.45223658e-05  2.00211198e-01 -1.24831278e-05 
 1.45473658e-05  2.00210881e-01 -1.25255546e-05 
 1.45723658e-05  2.00210602e-01 -1.24831279e-05 
 1.45973658e-05  2.00210355e-01 -1.25255541e-05 
 1.46223658e-05  2.00210138e-01 -1.24831280e-05 
 1.46473658e-05  2.00209946e-01 -1.25255537e-05 
 1.46723658e-05  2.00209777e-01 -1.24831281e-05 
 1.46973658e-05  2.00209627e-01 -1.25255534e-05 
 1.47223658e-05  2.00209495e-01 -1.24831283e-05 
 1.47473658e-05  2.00209379e-01 -1.25255530e-05 
 1.47723658e-05  2.00209276e-01 -1.24831284e-05 
 1.47973658e-05  2.00209185e-01 -1.25255527e-05 
 1.48223658e-05  2.00209106e-01 -1.24831286e-05 
 1.48473658e-05  2.00209035e-01 -1.25255524e-05 
 1.48723658e-05  2.00208973e-01 -1.24831288e-05 
 1.48973658e-05  2.00208917e-01 -1.25255521e-05 
 1.49223658e-05  2.00208869e-01 -1.24831291e-05 
 1.49473658e-05  2.00208826e-01 -1.25255519e-05 
 1.49723658e-05  2.00208789e-01 -1.24831293e-05 
 1.49973658e-05  2.00208755e-01 -1.25255516e-05 
 1.50223658e-05  2.00208726e-01 -1.24831295e-05 
 1.50473658e-05  2.00208700e-01 -1.25255513e-05 
 1.50723658e-05  2.00208677e-01 -1.24831297e-05 
 1.50973658e-05  2.00208657e-01 -1.25255511e-05 
 1.51223658e-05  2.00208639e-01 -1.24831299e-05 
 1.51473658e-05  2.00208623e-01 -1.25255509e-05 
 1.51723658e-05  2.00208610e-01 -1.24831301e-05 
 1.51973658e-05  2.00208597e-01 -1.25255506e-05 
 1.52223658e-05  2.00208587e-01 -1.24831304e-05 
 1.52473658e-05  2.00208577e-01 -1.25255504e-05 
 1.52723658e-05  2.00208569e-01 -1.24831306e-05 
 1.52973658e-05  2.00208561e-01 -1.25255501e-05 
 1.53223658e-05  2.00208555e-01 -1.24831308e-05 
 1.53473658e-05  2.00208549e-01 -1.25255499e-05 
 1.53723658e-05  2.00208544e-01 -1.24831310e-05 
 1.53973658e-05  2.00208539e-01 -1.25255497e-05 
 1.54223658e-05  2.00208535e-01 -1.24831313e-05 
 1.54473658e-05  2.00208532e-01 -1.25255495e-05 
 1.54723658e-05  2.00208529e-01 -1.24831315e-05 
 1.54973658e-05  2.00208526e-01 -1.25255492e-05 
 1.55223658e-05  2.00208524e-01 -1.24831317e-05 
 1.55473658e-05  2.00208521e-01 -1.25255490e-05 
 1.55723658e-05  2.00208520e-01 -1.24831319e-05 
 1.55973658e-05  2.00208518e-01 -1.25255488e-05 
 1.56223658e-05  2.00208516e-01 -1.24831321e-05 
 1.56473658e-05  2.00208515e-01 -1.25255486e-05 
 1.56723658e-05  2.00208514e-01 -1.24831323e-05 
 1.56973658e-05  2.00208513e-01 -1.25255484e-05 
 1.57223658e-05  2.00208512e-01 -1.24831326e-05 
 1.57473658e-05  2.00208511e-01 -1.25255482e-05 
 1.57723658e-05  2.00208511e-01 -1.24831328e-05 
 1.57973658e-05  2.00208510e-01 -1.25255479e-05 
 1.58223658e-05  2.00208509e-01 -1.24831330e-05 
 1.58473658e-05  2.00208509e-01 -1.25255477e-05 
 1.58723658e-05  2.00208509e-01 -1.24831332e-05 
 1.58973658e-05  2.00208508e-01 -1.25255475e-05 
 1.59223658e-05  2.00208508e-01 -1.24831334e-05 
 1.59473658e-05  2.00208508e-01 -1.25255473e-05 
 1.59723658e-05  2.00208507e-01 -1.24831336e-05 
 1.59973658e-05  2.00208507e-01 -1.25255471e-05 
 1.60223658e-05  2.00208507e-01 -1.24831338e-05 
 1.60473658e-05  2.00208507e-01 -1.25255469e-05 
 1.60723658e-05  2.00208507e-01 -1.24831340e-05 
 1.60973658e-05  2.00208506e-01 -1.25255467e-05 
 1.61223658e-05  2.00208506e-01 -1.24831342e-05 
 1.61473658e-05  2.00208506e-01 -1.25255465e-05 
 1.61723658e-05  2.00208506e-01 -1.24831344e-05 
 1.61973658e-05  2.00208506e-01 -1.25255463e-05 
 1.62223658e-05  2.00208506e-01 -1.24831346e-05 
 1.62473658e-05  2.00208506e-01 -1.25255461e-05 
 1.62723658e-05  2.00208506e-01 -1.24831348e-05 
 1.62973658e-05  2.00208506e-01 -1.25255459e-05 
 1.63223658e-05  2.00208506e-01 -1.24831350e-05 
 1.63473658e-05  2.00208506e-01 -1.25255457e-05 
 1.63723658e-05  2.00208506e-01 -1.24831352e-05 
 1.63973658e-05  2.00208506e-01 -1.25255455e-05 
 1.64223658e-05  2.00208506e-01 -1.24831354e-05 
 1.64473658e-05  2.00208506e-01 -1.25255453e-05 
 1.64723658e-05  2.00208506e-01 -1.24831356e-05 
 1.64973658e-05  2.00208506e-01 -1.25255451e-05 
 1.65223658e-05  2.00208506e-01 -1.24831358e-05 
 1.65473658e-05  2.00208505e-01 -1.25255449e-05 
 1.65723658e-05  2.00208506e-01 -1.24831360e-05 
 1.65973658e-05  2.00208505e-01 -1.25255447e-05 
 1.66223658e-05  2.00208505e-01 -1.24831362e-05 
 1.66473658e-05  2.00208505e-01 -1.25255445e-05 
 1.66723658e-05  2.00208505e-01 -1.24831364e-05 
 1.66973658e-05  2.00208505e-01 -1.25255444e-05 
 1.67223658e-05  2.00208505e-01 -1.24831365e-05 
 1.67473658e-05  2.00208505e-01 -1.25255442e-05 
 1.67723658e-05  2.00208505e-01 -1.24831367e-05 
 1.67973658e-05  2.00208505e-01 -1.25255440e-05 
 1.68223658e-05  2.00208505e-01 -1.24831369e-05 
 1.68473658e-05  2.00208505e-01 -1.25255438e-05 
 1.68723658e-05  2.00208505e-01 -1.24831371e-05 
 1.68973658e-05  2.00208505e-01 -1.25255436e-05 
 1.69223658e-05  2.00208505e-01 -1.24831373e-05 
 1.69473658e-05  2.00208505e-01 -1.25255434e-05 
 1.69723658e-05  2.00208505e-01 -1.24831375e-05 
 1.69973658e-05  2.00208505e-01 -1.25255432e-05 
 1.70223658e-05  2.00208505e-01 -1.24831377e-05 
 1.70473658e-05  2.00208505e-01 -1.25255431e-05 
 1.70723658e-05  2.00208505e-01 -1.24831378e-05 
 1.70973658e-05  2.00208505e-01 -1.25255429e-05 
 1.71223658e-05  2.00208505e-01 -1.24831380e-05 
 1.71473658e-05  2.00208505e-01 -1.25255427e-05 
 1.71723658e-05  2.00208505e-01 -1.24831382e-05 
 1.71973658e-05  2.00208505e-01 -1.25255425e-05 
 1.72223658e-05  2.00208505e-01 -1.24831384e-05 
 1.72473658e-05  2.00208505e-01 -1.25255423e-05 
 1.72723658e-05  2.00208505e-01 -1.24831386e-05 
 1.72973658e-05  2.00208505e-01 -1.25255422e-05 
 1.73223658e-05  2.00208505e-01 -1.24831387e-05 
 1.73473658e-05  2.00208505e-01 -1.25255420e-05 
 1.73723658e-05  2.00208505e-01 -1.24831389e-05 
 1.73973658e-05  2.00208505e-01 -1.25255418e-05 
 1.74223658e-05  2.00208505e-01 -1.24831391e-05 
 1.74473658e-05  2.00208505e-01 -1.25255416e-05 
 1.74723658e-05  2.00208505e-01 -1.24831393e-05 
 1.74973658e-05  2.00208505e-01 -1.25255415e-05 
 1.75223658e-05  2.00208505e-01 -1.24831394e-05 
 1.75473658e-05  2.00208505e-01 -1.25255413e-05 
 1.75723658e-05  2.00208505e-01 -1.24831396e-05 
 1.75973658e-05  2.00208505e-01 -1.25255411e-05 
 1.76223658e-05  2.00208505e-01 -1.24831398e-05 
 1.76473658e-05  2.00208505e-01 -1.25255410e-05 
 1.76723658e-05  2.00208505e-01 -1.24831399e-05 
 1.76973658e-05  2.00208505e-01 -1.25255408e-05 
 1.77223658e-05  2.00208505e-01 -1.24831401e-05 
 1.77473658e-05  2.00208505e-01 -1.25255406e-05 
 1.77723658e-05  2.00208505e-01 -1.24831403e-05 
 1.77973658e-05  2.00208505e-01 -1.25255405e-05 
 1.78223658e-05  2.00208505e-01 -1.24831404e-05 
 1.78473658e-05  2.00208505e-01 -1.25255403e-05 
 1.78723658e-05  2.00208505e-01 -1.24831406e-05 
 1.78973658e-05  2.00208505e-01 -1.25255401e-05 
 1.79223658e-05  2.00208505e-01 -1.24831408e-05 
 1.79473658e-05  2.00208505e-01 -1.25255400e-05 
 1.79723658e-05  2.00208505e-01 -1.24831409e-05 
 1.79973658e-05  2.00208505e-01 -1.25255398e-05 
 1.80223658e-05  2.00208505e-01 -1.24831411e-05 
 1.80473658e-05  2.00208505e-01 -1.25255396e-05 
 1.80723658e-05  2.00208505e-01 -1.24831413e-05 
 1.80973658e-05  2.00208505e-01 -1.25255395e-05 
 1.81223658e-05  2.00208505e-01 -1.24831414e-05 
 1.81473658e-05  2.00208505e-01 -1.25255393e-05 
 1.81723658e-05  2.00208505e-01 -1.24831416e-05 
 1.81973658e-05  2.00208505e-01 -1.25255392e-05 
 1.82223658e-05  2.00208505e-01 -1.24831417e-05 
 1.82473658e-05  2.00208505e-01 -1.25255390e-05 
 1.82723658e-05  2.00208505e-01 -1.24831419e-05 
 1.82973658e-05  2.00208505e-01 -1.25255388e-05 
 1.83223658e-05  2.00208505e-01 -1.24831421e-05 
 1.83473658e-05  2.00208505e-01 -1.25255387e-05 
 1.83723658e-05  2.00208505e-01 -1.24831422e-05 
 1.83973658e-05  2.00208505e-01 -1.25255385e-05 
 1.84223658e-05  2.00208505e-01 -1.24831424e-05 
 1.84473658e-05  2.00208505e-01 -1.25255384e-05 
 1.84723658e-05  2.00208505e-01 -1.24831425e-05 
 1.84973658e-05  2.00208505e-01 -1.25255382e-05 
 1.85223658e-05  2.00208505e-01 -1.24831427e-05 
 1.85473658e-05  2.00208505e-01 -1.25255381e-05 
 1.85723658e-05  2.00208505e-01 -1.24831428e-05 
 1.85973658e-05  2.00208505e-01 -1.25255379e-05 
 1.86223658e-05  2.00208505e-01 -1.24831430e-05 
 1.86473658e-05  2.00208505e-01 -1.25255378e-05 
 1.86723658e-05  2.00208505e-01 -1.24831431e-05 
 1.86973658e-05  2.00208505e-01 -1.25255376e-05 
 1.87223658e-05  2.00208505e-01 -1.24831433e-05 
 1.87473658e-05  2.00208505e-01 -1.25255375e-05 
 1.87723658e-05  2.00208505e-01 -1.24831434e-05 
 1.87973658e-05  2.00208505e-01 -1.25255373e-05 
 1.88223658e-05  2.00208505e-01 -1.24831436e-05 
 1.88473658e-05  2.00208505e-01 -1.25255372e-05 
 1.88723658e-05  2.00208505e-01 -1.24831437e-05 
 1.88973658e-05  2.00208505e-01 -1.25255370e-05 
 1.89223658e-05  2.00208505e-01 -1.24831439e-05 
 1.89473658e-05  2.00208505e-01 -1.25255369e-05 
 1.89723658e-05  2.00208505e-01 -1.24831440e-05 
 1.89973658e-05  2.00208505e-01 -1.25255367e-05 
 1.90223658e-05  2.00208505e-01 -1.24831442e-05 
 1.90473658e-05  2.00208505e-01 -1.25255366e-05 
 1.90723658e-05  2.00208505e-01 -1.24831443e-05 
 1.90973658e-05  2.00208505e-01 -1.25255364e-05 
 1.91223658e-05  2.00208505e-01 -1.24831444e-05 
 1.91473658e-05  2.00208505e-01 -1.25255363e-05 
 1.91723658e-05  2.00208505e-01 -1.24831446e-05 
 1.91973658e-05  2.00208505e-01 -1.25255362e-05 
 1.92223658e-05  2.00208505e-01 -1.24831447e-05 
 1.92473658e-05  2.00208505e-01 -1.25255360e-05 
 1.92723658e-05  2.00208505e-01 -1.24831449e-05 
 1.92973658e-05  2.00208505e-01 -1.25255359e-05 
 1.93223658e-05  2.00208505e-01 -1.24831450e-05 
 1.93473658e-05  2.00208505e-01 -1.25255357e-05 
 1.93723658e-05  2.00208505e-01 -1.24831451e-05 
 1.93973658e-05  2.00208505e-01 -1.25255356e-05 
 1.94223658e-05  2.00208505e-01 -1.24831453e-05 
 1.94473658e-05  2.00208505e-01 -1.25255355e-05 
 1.94723658e-05  2.00208505e-01 -1.24831454e-05 
 1.94973658e-05  2.00208505e-01 -1.25255353e-05 
 1.95223658e-05  2.00208505e-01 -1.24831455e-05 
 1.95473658e-05  2.00208505e-01 -1.25255352e-05 
 1.95723658e-05  2.00208505e-01 -1.24831457e-05 
 1.95973658e-05  2.00208505e-01 -1.25255351e-05 
 1.96223658e-05  2.00208505e-01 -1.24831458e-05 
 1.96473658e-05  2.00208505e-01 -1.25255349e-05 
 1.96723658e-05  2.00208505e-01 -1.24831459e-05 
 1.96973658e-05  2.00208505e-01 -1.25255348e-05 
 1.97223658e-05  2.00208505e-01 -1.24831461e-05 
 1.97473658e-05  2.00208505e-01 -1.25255347e-05 
 1.97723658e-05  2.00208505e-01 -1.24831462e-05 
 1.97973658e-05  2.00208505e-01 -1.25255345e-05 
 1.98223658e-05  2.00208505e-01 -1.24831463e-05 
 1.98473658e-05  2.00208505e-01 -1.25255344e-05 
 1.98723658e-05  2.00208505e-01 -1.24831465e-05 
 1.98973658e-05  2.00208505e-01 -1.25255343e-05 
 1.99223658e-05  2.00208505e-01 -1.24831466e-05 
 1.99473658e-05  2.00208505e-01 -1.25255342e-05 
 1.99723658e-05  2.00208505e-01 -1.24831467e-05 
 1.99973658e-05  2.00208505e-01 -1.25255340e-05 
 2.00223658e-05  2.00208505e-01 -1.24831468e-05 
 2.00473658e-05  2.00208505e-01 -1.25255339e-05 
 2.00723658e-05  2.00208505e-01 -1.24831470e-05 
 2.00973658e-05  2.00208505e-01 -1.25255338e-05 
 2.01223658e-05  2.00208505e-01 -1.24831471e-05 
 2.01473658e-05  2.00208505e-01 -1.25255337e-05 
 2.01723658e-05  2.00208505e-01 -1.24831472e-05 
 2.01973658e-05  2.00208505e-01 -1.25255335e-05 
 2.02223658e-05  2.00208505e-01 -1.24831473e-05 
 2.02473658e-05  2.00208505e-01 -1.25255334e-05 
 2.02723658e-05  2.00208505e-01 -1.24831475e-05 
 2.02973658e-05  2.00208505e-01 -1.25255333e-05 
 2.03223658e-05  2.00208505e-01 -1.24831476e-05 
 2.03473658e-05  2.00208505e-01 -1.25255332e-05 
 2.03723658e-05  2.00208505e-01 -1.24831477e-05 
 2.03973658e-05  2.00208505e-01 -1.25255331e-05 
 2.04223658e-05  2.00208505e-01 -1.24831478e-05 
 2.04473658e-05  2.00208505e-01 -1.25255329e-05 
 2.04723658e-05  2.00208505e-01 -1.24831479e-05 
 2.04973658e-05  2.00208505e-01 -1.25255328e-05 
 2.05223658e-05  2.00208505e-01 -1.24831480e-05 
 2.05473658e-05  2.00208505e-01 -1.25255327e-05 
 2.05723658e-05  2.00208505e-01 -1.24831482e-05 
 2.05973658e-05  2.00208505e-01 -1.25255326e-05 
 2.06223658e-05  2.00208505e-01 -1.24831483e-05 
 2.06473658e-05  2.00208505e-01 -1.25255325e-05 
 2.06723658e-05  2.00208505e-01 -1.24831484e-05 
 2.06973658e-05  2.00208505e-01 -1.25255324e-05 
 2.07223658e-05  2.00208505e-01 -1.24831485e-05 
 2.07473658e-05  2.00208505e-01 -1.25255323e-05 
 2.07723658e-05  2.00208505e-01 -1.24831486e-05 
 2.07973658e-05  2.00208505e-01 -1.25255321e-05 
 2.08223658e-05  2.00208505e-01 -1.24831487e-05 
 2.08473658e-05  2.00208505e-01 -1.25255320e-05 
 2.08723658e-05  2.00208505e-01 -1.24831488e-05 
 2.08973658e-05  2.00208505e-01 -1.25255319e-05 
 2.09223658e-05  2.00208505e-01 -1.24831489e-05 
 2.09473658e-05  2.00208505e-01 -1.25255318e-05 
 2.09723658e-05  2.00208505e-01 -1.24831491e-05 
 2.09973658e-05  2.00208505e-01 -1.25255317e-05 
 2.10223658e-05  2.00208505e-01 -1.24831492e-05 
 2.10473658e-05  2.00208505e-01 -1.25255316e-05 
 2.10723658e-05  2.00208505e-01 -1.24831493e-05 
 2.10973658e-05  2.00208505e-01 -1.25255315e-05 
 2.11223658e-05  2.00208505e-01 -1.24831494e-05 
 2.11473658e-05  2.00208505e-01 -1.25255314e-05 
 2.11723658e-05  2.00208505e-01 -1.24831495e-05 
 2.11973658e-05  2.00208505e-01 -1.25255313e-05 
 2.12223658e-05  2.00208505e-01 -1.24831496e-05 
 2.12473658e-05  2.00208505e-01 -1.25255312e-05 
 2.12723658e-05  2.00208505e-01 -1.24831497e-05 
 2.12973658e-05  2.00208505e-01 -1.25255311e-05 
 2.13223658e-05  2.00208505e-01 -1.24831498e-05 
 2.13473658e-05  2.00208505e-01 -1.25255310e-05 
 2.13723658e-05  2.00208505e-01 -1.24831499e-05 
 2.13973658e-05  2.00208505e-01 -1.25255309e-05 
 2.14223658e-05  2.00208505e-01 -1.24831500e-05 
 2.14473658e-05  2.00208505e-01 -1.25255308e-05 
 2.14723658e-05  2.00208505e-01 -1.24831501e-05 
 2.14973658e-05  2.00208505e-01 -1.25255307e-05 
 2.15223658e-05  2.00208505e-01 -1.24831502e-05 
 2.15473658e-05  2.00208505e-01 -1.25255306e-05 
 2.15723658e-05  2.00208505e-01 -1.24831503e-05 
 2.15973658e-05  2.00208505e-01 -1.25255305e-05 
 2.16223658e-05  2.00208505e-01 -1.24831504e-05 
 2.16473658e-05  2.00208505e-01 -1.25255304e-05 
 2.16723658e-05  2.00208505e-01 -1.24831505e-05 
 2.16973658e-05  2.00208505e-01 -1.25255303e-05 
 2.17223658e-05  2.00208505e-01 -1.24831506e-05 
 2.17473658e-05  2.00208505e-01 -1.25255302e-05 
 2.17723658e-05  2.00208505e-01 -1.24831507e-05 
 2.17973658e-05  2.00208505e-01 -1.25255301e-05 
 2.18223658e-05  2.00208505e-01 -1.24831508e-05 
 2.18473658e-05  2.00208505e-01 -1.25255300e-05 
 2.18723658e-05  2.00208505e-01 -1.24831509e-05 
 2.18973658e-05  2.00208505e-01 -1.25255299e-05 
 2.19223658e-05  2.00208505e-01 -1.24831510e-05 
 2.19473658e-05  2.00208505e-01 -1.25255298e-05 
 2.19723658e-05  2.00208505e-01 -1.24831510e-05 
 2.19861829e-05  2.00208505e-01 -1.25255297e-05 
 2.20000000e-05  2.00208505e-01 -1.24831512e-05 
