 time            v(pad)          i(VDD)         
 0.00000000e+00  1.99965961e-01 -6.38968283e-06 
 2.50000000e-10  1.99965961e-01 -6.38968283e-06 
 5.00000000e-10  1.99965961e-01 -6.38968283e-06 
 1.00000000e-09  1.99965961e-01 -6.38968283e-06 
 2.00000000e-09  1.99965961e-01 -6.38968283e-06 
 4.00000000e-09  1.99965961e-01 -6.38968282e-06 
 8.00000000e-09  1.99965961e-01 -6.38968282e-06 
 1.60000000e-08  1.99965961e-01 -6.38968283e-06 
 3.20000000e-08  1.99965961e-01 -6.38968282e-06 
 5.70000000e-08  1.99965961e-01 -6.38968283e-06 
 8.20000000e-08  1.99965961e-01 -6.38968283e-06 
 1.07000000e-07  1.99965961e-01 -6.38968283e-06 
 1.32000000e-07  1.99965961e-01 -6.38968283e-06 
 1.57000000e-07  1.99965961e-01 -6.38968283e-06 
 1.82000000e-07  1.99965961e-01 -6.38968283e-06 
 2.07000000e-07  1.99965961e-01 -6.38968283e-06 
 2.32000000e-07  1.99965961e-01 -6.38968283e-06 
 2.57000000e-07  1.99965961e-01 -6.38968283e-06 
 2.82000000e-07  1.99965961e-01 -6.38968283e-06 
 3.07000000e-07  1.99965961e-01 -6.38968283e-06 
 3.32000000e-07  1.99965961e-01 -6.38968283e-06 
 3.57000000e-07  1.99965961e-01 -6.38968283e-06 
 3.82000000e-07  1.99965961e-01 -6.38968283e-06 
 4.07000000e-07  1.99965961e-01 -6.38968283e-06 
 4.32000000e-07  1.99965961e-01 -6.38968283e-06 
 4.57000000e-07  1.99965961e-01 -6.38968283e-06 
 4.82000000e-07  1.99965961e-01 -6.38968283e-06 
 5.07000000e-07  1.99965961e-01 -6.38968283e-06 
 5.32000000e-07  1.99965961e-01 -6.38968283e-06 
 5.57000000e-07  1.99965961e-01 -6.38968283e-06 
 5.82000000e-07  1.99965961e-01 -6.38968283e-06 
 6.07000000e-07  1.99965961e-01 -6.38968283e-06 
 6.32000000e-07  1.99965961e-01 -6.38968283e-06 
 6.57000000e-07  1.99965961e-01 -6.38968283e-06 
 6.82000000e-07  1.99965961e-01 -6.38968283e-06 
 7.07000000e-07  1.99965961e-01 -6.38968283e-06 
 7.32000000e-07  1.99965961e-01 -6.38968283e-06 
 7.57000000e-07  1.99965961e-01 -6.38968283e-06 
 7.82000000e-07  1.99965961e-01 -6.38968283e-06 
 8.07000000e-07  1.99965961e-01 -6.38968283e-06 
 8.32000000e-07  1.99965961e-01 -6.38968283e-06 
 8.57000000e-07  1.99965961e-01 -6.38968283e-06 
 8.82000000e-07  1.99965961e-01 -6.38968283e-06 
 9.07000000e-07  1.99965961e-01 -6.38968283e-06 
 9.32000000e-07  1.99965961e-01 -6.38968283e-06 
 9.57000000e-07  1.99965961e-01 -6.38968283e-06 
 9.82000000e-07  1.99965961e-01 -6.38968283e-06 
 1.00700000e-06  1.99965961e-01 -6.38968283e-06 
 1.03200000e-06  1.99965961e-01 -6.38968283e-06 
 1.05700000e-06  1.99965961e-01 -6.38968283e-06 
 1.08200000e-06  1.99965961e-01 -6.38968283e-06 
 1.10700000e-06  1.99965961e-01 -6.38968283e-06 
 1.13200000e-06  1.99965961e-01 -6.38968283e-06 
 1.15700000e-06  1.99965961e-01 -6.38968283e-06 
 1.18200000e-06  1.99965961e-01 -6.38968283e-06 
 1.20700000e-06  1.99965961e-01 -6.38968283e-06 
 1.23200000e-06  1.99965961e-01 -6.38968283e-06 
 1.25700000e-06  1.99965961e-01 -6.38968283e-06 
 1.28200000e-06  1.99965961e-01 -6.38968283e-06 
 1.30700000e-06  1.99965961e-01 -6.38968283e-06 
 1.33200000e-06  1.99965961e-01 -6.38968283e-06 
 1.35700000e-06  1.99965961e-01 -6.38968283e-06 
 1.38200000e-06  1.99965961e-01 -6.38968283e-06 
 1.40700000e-06  1.99965961e-01 -6.38968283e-06 
 1.43200000e-06  1.99965961e-01 -6.38968283e-06 
 1.45700000e-06  1.99965961e-01 -6.38968283e-06 
 1.48200000e-06  1.99965961e-01 -6.38968283e-06 
 1.50700000e-06  1.99965961e-01 -6.38968283e-06 
 1.53200000e-06  1.99965961e-01 -6.38968283e-06 
 1.55700000e-06  1.99965961e-01 -6.38968283e-06 
 1.58200000e-06  1.99965961e-01 -6.38968283e-06 
 1.60700000e-06  1.99965961e-01 -6.38968283e-06 
 1.63200000e-06  1.99965961e-01 -6.38968283e-06 
 1.65700000e-06  1.99965961e-01 -6.38968283e-06 
 1.68200000e-06  1.99965961e-01 -6.38968283e-06 
 1.70700000e-06  1.99965961e-01 -6.38968283e-06 
 1.73200000e-06  1.99965961e-01 -6.38968283e-06 
 1.75700000e-06  1.99965961e-01 -6.38968283e-06 
 1.78200000e-06  1.99965961e-01 -6.38968283e-06 
 1.80700000e-06  1.99965961e-01 -6.38968283e-06 
 1.83200000e-06  1.99965961e-01 -6.38968283e-06 
 1.85700000e-06  1.99965961e-01 -6.38968283e-06 
 1.88200000e-06  1.99965961e-01 -6.38968283e-06 
 1.90700000e-06  1.99965961e-01 -6.38968283e-06 
 1.93200000e-06  1.99965961e-01 -6.38968283e-06 
 1.95700000e-06  1.99965961e-01 -6.38968283e-06 
 1.97850000e-06  1.99965961e-01 -6.38968283e-06 
 2.00000000e-06  1.99965961e-01 -6.38968283e-06 
 2.00001141e-06  1.99966169e-01  5.19715869e-06 
 2.00003423e-06  1.99966904e-01  7.92246777e-06 
 2.00003797e-06  1.99967081e-01  6.93088725e-06 
 2.00004172e-06  1.99967269e-01  6.57525880e-06 
 2.00004668e-06  1.99967531e-01  6.53014473e-06 
 2.00005661e-06  1.99968096e-01  6.65797068e-06 
 2.00006858e-06  1.99968853e-01  6.86584355e-06 
 2.00008738e-06  1.99970212e-01  7.08287646e-06 
 2.00010968e-06  1.99972093e-01  7.30618389e-06 
 2.00015327e-06  1.99976531e-01  7.60775809e-06 
 2.00023535e-06  1.99986996e-01  8.03160809e-06 
 2.00033642e-06  2.00002229e-01  8.40678500e-06 
 2.00051662e-06  2.00031242e-01  9.02557298e-06 
 2.00072114e-06  2.00062979e-01  9.65781797e-06 
 2.00100000e-06  2.00100361e-01  1.05245434e-05 
 2.00100020e-06  2.00100384e-01  5.28399133e-06 
 2.00100059e-06  2.00100431e-01  4.72294999e-06 
 2.00100137e-06  2.00100524e-01  2.73726371e-06 
 2.00100258e-06  2.00100665e-01  7.03297043e-07 
 2.00100500e-06  2.00100938e-01 -2.13201737e-06 
 2.00100797e-06  2.00101258e-01 -3.51150917e-06 
 2.00101135e-06  2.00101601e-01 -4.04222262e-06 
 2.00101461e-06  2.00101914e-01 -3.94639015e-06 
 2.00101844e-06  2.00102261e-01 -3.81895874e-06 
 2.00102246e-06  2.00102605e-01 -3.57448548e-06 
 2.00102723e-06  2.00102992e-01 -3.46671978e-06 
 2.00103240e-06  2.00103389e-01 -3.34035011e-06 
 2.00103872e-06  2.00103844e-01 -3.35981585e-06 
 2.00104587e-06  2.00104325e-01 -3.35607633e-06 
 2.00105499e-06  2.00104886e-01 -3.46887282e-06 
 2.00106604e-06  2.00105490e-01 -3.53759033e-06 
 2.00108134e-06  2.00106187e-01 -3.69534596e-06 
 2.00110228e-06  2.00106880e-01 -3.79308343e-06 
 2.00113728e-06  2.00107394e-01 -3.96219079e-06 
 2.00120086e-06  2.00106530e-01 -4.05465274e-06 
 2.00129830e-06  2.00101821e-01 -4.15745952e-06 
 2.00143476e-06  2.00091022e-01 -4.17008137e-06 
 2.00168927e-06  2.00065537e-01 -4.24200435e-06 
 2.00195753e-06  2.00036588e-01 -4.23492714e-06 
 2.00237626e-06  1.99992549e-01 -4.29362180e-06 
 2.00294899e-06  1.99936106e-01 -4.29860667e-06 
 2.00409444e-06  1.99836349e-01 -4.39788670e-06 
 2.00638535e-06  1.99684505e-01 -4.50150733e-06 
 2.01096716e-06  1.99539460e-01 -4.78237035e-06 
 2.01529782e-06  1.99560450e-01 -4.96583085e-06 
 2.02137517e-06  1.99780156e-01 -5.25890300e-06 
 2.02793409e-06  2.00206929e-01 -5.46536195e-06 
 2.03617101e-06  2.00946355e-01 -5.73264329e-06 
 2.04529198e-06  2.01959143e-01 -5.89902730e-06 
 2.05954846e-06  2.03812070e-01 -6.13593653e-06 
 2.07559044e-06  2.06148020e-01 -6.23758619e-06 
 2.09511492e-06  2.09189697e-01 -6.34837270e-06 
 2.11612496e-06  2.12598990e-01 -6.35490257e-06 
 2.13520593e-06  2.15767968e-01 -6.39857153e-06 
 2.15844497e-06  2.19687082e-01 -6.37437797e-06 
 2.18344497e-06  2.23954819e-01 -6.40642641e-06 
 2.20844497e-06  2.28261145e-01 -6.37616100e-06 
 2.23344497e-06  2.32595655e-01 -6.40614298e-06 
 2.25844497e-06  2.36950938e-01 -6.37535709e-06 
 2.28344497e-06  2.41321531e-01 -6.40524570e-06 
 2.30844497e-06  2.45703422e-01 -6.37447954e-06 
 2.33344497e-06  2.50093645e-01 -6.40439615e-06 
 2.35844497e-06  2.54490046e-01 -6.37366004e-06 
 2.38344497e-06  2.58891037e-01 -6.40359151e-06 
 2.40844497e-06  2.63295485e-01 -6.37287054e-06 
 2.43344497e-06  2.67702556e-01 -6.40280522e-06 
 2.45844497e-06  2.72111670e-01 -6.37209054e-06 
 2.48344497e-06  2.76522396e-01 -6.40202223e-06 
 2.50844497e-06  2.80934449e-01 -6.37130916e-06 
 2.53344497e-06  2.85347614e-01 -6.40123470e-06 
 2.55844497e-06  2.89761761e-01 -6.37052077e-06 
 2.58344497e-06  2.94176790e-01 -6.40043861e-06 
 2.60844497e-06  2.98592651e-01 -6.36972252e-06 
 2.63344497e-06  3.03009305e-01 -6.39963193e-06 
 2.65844497e-06  3.07426745e-01 -6.36891296e-06 
 2.68344497e-06  3.11844963e-01 -6.39881355e-06 
 2.70844497e-06  3.16263975e-01 -6.36809122e-06 
 2.73344497e-06  3.20683791e-01 -6.39798275e-06 
 2.75844497e-06  3.25104441e-01 -6.36725659e-06 
 2.78344497e-06  3.29525945e-01 -6.39713871e-06 
 2.80844497e-06  3.33948343e-01 -6.36640814e-06 
 2.83344497e-06  3.38371665e-01 -6.39628031e-06 
 2.85844497e-06  3.42795957e-01 -6.36554445e-06 
 2.88344497e-06  3.47221262e-01 -6.39540579e-06 
 2.90844497e-06  3.51647636e-01 -6.36466338e-06 
 2.93344497e-06  3.56075136e-01 -6.39451246e-06 
 2.95844497e-06  3.60503834e-01 -6.36376156e-06 
 2.98344497e-06  3.64933805e-01 -6.39359614e-06 
 3.00844497e-06  3.69365148e-01 -6.36283381e-06 
 3.03344497e-06  3.73797968e-01 -6.39265037e-06 
 3.05844497e-06  3.78232400e-01 -6.36187204e-06 
 3.08344497e-06  3.82668597e-01 -6.39166498e-06 
 3.10844497e-06  3.87106753e-01 -6.36086344e-06 
 3.13344497e-06  3.91547096e-01 -6.39062374e-06 
 3.15844497e-06  3.95989915e-01 -6.35978733e-06 
 3.18344497e-06  4.00435558e-01 -6.38950009e-06 
 3.20844497e-06  4.04884468e-01 -6.35860935e-06 
 3.23344497e-06  4.09337190e-01 -6.38824912e-06 
 3.25844497e-06  4.13794427e-01 -6.35727009e-06 
 3.28344497e-06  4.18257070e-01 -6.38679154e-06 
 3.30844497e-06  4.22726275e-01 -6.35566367e-06 
 3.33344497e-06  4.27203535e-01 -6.38498809e-06 
 3.35844497e-06  4.31690769e-01 -6.35361463e-06 
 3.38344497e-06  4.36190376e-01 -6.38263613e-06 
 3.40844497e-06  4.40705232e-01 -6.35092447e-06 
 3.43344497e-06  4.45238545e-01 -6.37959877e-06 
 3.45844497e-06  4.49793578e-01 -6.34759265e-06 
 3.48344497e-06  4.54373264e-01 -6.37606913e-06 
 3.50844497e-06  4.58979894e-01 -6.34399350e-06 
 3.53344497e-06  4.63614903e-01 -6.37251585e-06 
 3.55844497e-06  4.68278852e-01 -6.34057854e-06 
 3.58344497e-06  4.72971511e-01 -6.36928690e-06 
 3.60844497e-06  4.77692032e-01 -6.33755842e-06 
 3.63344497e-06  4.82439113e-01 -6.36647036e-06 
 3.65844497e-06  4.87211161e-01 -6.33493639e-06 
 3.68344497e-06  4.92006413e-01 -6.36402054e-06 
 3.70844497e-06  4.96823041e-01 -6.33264260e-06 
 3.73344497e-06  5.01659208e-01 -6.36186196e-06 
 3.75844497e-06  5.06513126e-01 -6.33060556e-06 
 3.78344497e-06  5.11383080e-01 -6.35992763e-06 
 3.80844497e-06  5.16267458e-01 -6.32876326e-06 
 3.83344497e-06  5.21164753e-01 -6.35816170e-06 
 3.85844497e-06  5.26073577e-01 -6.32706586e-06 
 3.88344497e-06  5.30992652e-01 -6.35651969e-06 
 3.90844497e-06  5.35920814e-01 -6.32547352e-06 
 3.93344497e-06  5.40857006e-01 -6.35496582e-06 
 3.95844497e-06  5.45800271e-01 -6.32395402e-06 
 3.98344497e-06  5.50749746e-01 -6.35347094e-06 
 4.00844497e-06  5.55704655e-01 -6.32248087e-06 
 4.03344497e-06  5.60664303e-01 -6.35201087e-06 
 4.05844497e-06  5.65628067e-01 -6.32103183e-06 
 4.08344497e-06  5.70595389e-01 -6.35056503e-06 
 4.10844497e-06  5.75565775e-01 -6.31958771e-06 
 4.13344497e-06  5.80538782e-01 -6.34911531e-06 
 4.15844497e-06  5.85514017e-01 -6.31813129e-06 
 4.18344497e-06  5.90491132e-01 -6.34764519e-06 
 4.20844497e-06  5.95469819e-01 -6.31664650e-06 
 4.23344497e-06  6.00449804e-01 -6.34613884e-06 
 4.25844497e-06  6.05430846e-01 -6.31511755e-06 
 4.28344497e-06  6.10412734e-01 -6.34458032e-06 
 4.30844497e-06  6.15395282e-01 -6.31352820e-06 
 4.33344497e-06  6.20378326e-01 -6.34295286e-06 
 4.35844497e-06  6.25361726e-01 -6.31186092e-06 
 4.38344497e-06  6.30345358e-01 -6.34123799e-06 
 4.40844497e-06  6.35329118e-01 -6.31009606e-06 
 4.43344497e-06  6.40312914e-01 -6.33941462e-06 
 4.45844497e-06  6.45296672e-01 -6.30821084e-06 
 4.48344497e-06  6.50280329e-01 -6.33745801e-06 
 4.50844497e-06  6.55263834e-01 -6.30617825e-06 
 4.53344497e-06  6.60247147e-01 -6.33533849e-06 
 4.55844497e-06  6.65230238e-01 -6.30396559e-06 
 4.58344497e-06  6.70213087e-01 -6.33301995e-06 
 4.60844497e-06  6.75195684e-01 -6.30153285e-06 
 4.63344497e-06  6.80178025e-01 -6.33045796e-06 
 4.65844497e-06  6.85160117e-01 -6.29883064e-06 
 4.68344497e-06  6.90141974e-01 -6.32759754e-06 
 4.70844497e-06  6.95123618e-01 -6.29579770e-06 
 4.73344497e-06  7.00105081e-01 -6.32437045e-06 
 4.75844497e-06  7.05086399e-01 -6.29235806e-06 
 4.78344497e-06  7.10067622e-01 -6.32069219e-06 
 4.80844497e-06  7.15048805e-01 -6.28841790e-06 
 4.83344497e-06  7.20030014e-01 -6.31645881e-06 
 4.85844497e-06  7.25011325e-01 -6.28386238e-06 
 4.88344497e-06  7.29992825e-01 -6.31154401e-06 
 4.90844497e-06  7.34974614e-01 -6.27855335e-06 
 4.93344497e-06  7.39956803e-01 -6.30579764e-06 
 4.95844497e-06  7.44939520e-01 -6.27232889e-06 
 4.98344497e-06  7.49922907e-01 -6.29904679e-06 
 5.00844497e-06  7.54907125e-01 -6.26500655e-06 
 5.03344497e-06  7.59892354e-01 -6.29110164e-06 
 5.05844497e-06  7.64878796e-01 -6.25639217e-06 
 5.08344497e-06  7.69866679e-01 -6.28176763e-06 
 5.10844497e-06  7.74856256e-01 -6.24629556e-06 
 5.13344497e-06  7.79847813e-01 -6.27086445e-06 
 5.15844497e-06  7.84841671e-01 -6.23455233e-06 
 5.18344497e-06  7.89838187e-01 -6.25824984e-06 
 5.20844497e-06  7.94837766e-01 -6.22104826e-06 
 5.23344497e-06  7.99840865e-01 -6.24384285e-06 
 5.25844497e-06  8.04847997e-01 -6.20573982e-06 
 5.28344497e-06  8.09859748e-01 -6.22763994e-06 
 5.30844497e-06  8.14876781e-01 -6.18866432e-06 
 5.33344497e-06  8.19899854e-01 -6.20971837e-06 
 5.35844497e-06  8.24929833e-01 -6.16993635e-06 
 5.38344497e-06  8.29967711e-01 -6.19022610e-06 
 5.40844497e-06  8.35014624e-01 -6.14973253e-06 
 5.43344497e-06  8.40071865e-01 -6.16936371e-06 
 5.45844497e-06  8.45140901e-01 -6.12827376e-06 
 5.48344497e-06  8.50223366e-01 -6.14737110e-06 
 5.50844497e-06  8.55321053e-01 -6.10582102e-06 
 5.53344497e-06  8.60435870e-01 -6.12453609e-06 
 5.55844497e-06  8.65569774e-01 -6.08269723e-06 
 5.58344497e-06  8.70724688e-01 -6.10122411e-06 
 5.60844497e-06  8.75902394e-01 -6.05931213e-06 
 5.63344497e-06  8.81104442e-01 -6.07788162e-06 
 5.65844497e-06  8.86332074e-01 -6.03613175e-06 
 5.68344497e-06  8.91586182e-01 -6.05497188e-06 
 5.70844497e-06  8.96867296e-01 -6.01359564e-06 
 5.73344497e-06  9.02175596e-01 -6.03289612e-06 
 5.75844497e-06  9.07510944e-01 -5.99205962e-06 
 5.78344497e-06  9.12872927e-01 -6.01196315e-06 
 5.80844497e-06  9.18260905e-01 -5.97178660e-06 
 5.83344497e-06  9.23674052e-01 -5.99239204e-06 
 5.85844497e-06  9.29111408e-01 -5.95295409e-06 
 5.88344497e-06  9.34571909e-01 -5.97432094e-06 
 5.90844497e-06  9.40054420e-01 -5.93566297e-06 
 5.93344497e-06  9.45557761e-01 -5.95781565e-06 
 5.95844497e-06  9.51080729e-01 -5.91994630e-06 
 5.98344497e-06  9.56622106e-01 -5.94287895e-06 
 6.00844497e-06  9.62180683e-01 -5.90577926e-06 
 6.03344497e-06  9.67755261e-01 -5.92946137e-06 
 6.05844497e-06  9.73344667e-01 -5.89309087e-06 
 6.08344497e-06  9.78947756e-01 -5.91747366e-06 
 6.10844497e-06  9.84563420e-01 -5.88177697e-06 
 6.13344497e-06  9.90190590e-01 -5.90680005e-06 
 6.15844497e-06  9.95828239e-01 -5.87171319e-06 
 6.18344497e-06  1.00147538e+00 -5.89731034e-06 
 6.20844497e-06  1.00713108e+00 -5.86276606e-06 
 6.23344497e-06  1.01279444e+00 -5.88886997e-06 
 6.25844497e-06  1.01846460e+00 -5.85480172e-06 
 6.28344497e-06  1.02414073e+00 -5.88134731e-06 
 6.30844497e-06  1.02982203e+00 -5.84769198e-06 
 6.33344497e-06  1.03550770e+00 -5.87461854e-06 
 6.35844497e-06  1.04119694e+00 -5.84131816e-06 
 6.38344497e-06  1.04688891e+00 -5.86857076e-06 
 6.40844497e-06  1.05258269e+00 -5.83557376e-06 
 6.43344497e-06  1.05827722e+00 -5.86310454e-06 
 6.45844497e-06  1.06397122e+00 -5.83036727e-06 
 6.48344497e-06  1.06966305e+00 -5.85813753e-06 
 6.50844497e-06  1.07535051e+00 -5.82562730e-06 
 6.53344497e-06  1.08103062e+00 -5.85361186e-06 
 6.55844497e-06  1.08669916e+00 -5.82131310e-06 
 6.58344497e-06  1.09235021e+00 -5.84950894e-06 
 6.60844497e-06  1.09797537e+00 -5.81743520e-06 
 6.63344497e-06  1.10356277e+00 -5.84587766e-06 
 6.65844497e-06  1.10909573e+00 -5.81409268e-06 
 6.68344497e-06  1.11455110e+00 -5.84288206e-06 
 6.70844497e-06  1.11989712e+00 -5.81153207e-06 
 6.73344497e-06  1.12509099e+00 -5.84087035e-06 
 6.75844497e-06  1.13007611e+00 -5.81022163e-06 
 6.78344497e-06  1.13477959e+00 -5.84044329e-06 
 6.80844497e-06  1.13911051e+00 -5.81089244e-06 
 6.83344497e-06  1.14296001e+00 -5.84243278e-06 
 6.85844497e-06  1.14620460e+00 -5.81440599e-06 
 6.88344497e-06  1.14871366e+00 -5.84760770e-06 
 6.90844497e-06  1.15036097e+00 -5.82127585e-06 
 6.93344497e-06  1.15104006e+00 -5.85604451e-06 
 6.95844497e-06  1.15067887e+00 -5.83099972e-06 
 6.98344497e-06  1.14924942e+00 -5.86664075e-06 
 7.00844497e-06  1.14677124e+00 -5.84198757e-06 
 7.03344497e-06  1.14330673e+00 -5.87754090e-06 
 7.05844497e-06  1.13895068e+00 -5.85239835e-06 
 7.08344497e-06  1.13381704e+00 -5.88717230e-06 
 7.10844497e-06  1.12802625e+00 -5.86109270e-06 
 7.13344497e-06  1.12169542e+00 -5.89488042e-06 
 7.15844497e-06  1.11493101e+00 -5.86786747e-06 
 7.18344497e-06  1.10782566e+00 -5.90082288e-06 
 7.20844497e-06  1.10045803e+00 -5.87311336e-06 
 7.23344497e-06  1.09289304e+00 -5.90551593e-06 
 7.25844497e-06  1.08518359e+00 -5.87739922e-06 
 7.28344497e-06  1.07737255e+00 -5.90952711e-06 
 7.30844497e-06  1.06949485e+00 -5.88126030e-06 
 7.33344497e-06  1.06157939e+00 -5.91334793e-06 
 7.35844497e-06  1.05365075e+00 -5.88514640e-06 
 7.38344497e-06  1.04573075e+00 -5.91739704e-06 
 7.40844497e-06  1.03783984e+00 -5.88946106e-06 
 7.43344497e-06  1.02999838e+00 -5.92208243e-06 
 7.45844497e-06  1.02222799e+00 -5.89463861e-06 
 7.48344497e-06  1.01455295e+00 -5.92788729e-06 
 7.50844497e-06  1.00700164e+00 -5.90123044e-06 
 7.53344497e-06  9.99607873e-01 -5.93543880e-06 
 7.55844497e-06  9.92411711e-01 -5.90991858e-06 
 7.58344497e-06  9.85459013e-01 -5.94539924e-06 
 7.60844497e-06  9.78798712e-01 -5.92119398e-06 
 7.63344497e-06  9.72477402e-01 -5.95786613e-06 
 7.65844497e-06  9.66532129e-01 -5.93453952e-06 
 7.68344497e-06  9.60983932e-01 -5.97162253e-06 
 7.70844497e-06  9.55835134e-01 -5.94820724e-06 
 7.73344497e-06  9.51071630e-01 -5.98479262e-06 
 7.75844497e-06  9.46668754e-01 -5.96064529e-06 
 7.78344497e-06  9.42597847e-01 -5.99642489e-06 
 7.80844497e-06  9.38831142e-01 -5.97150750e-06 
 7.83344497e-06  9.35344168e-01 -6.00658764e-06 
 7.85844497e-06  9.32116181e-01 -5.98104119e-06 
 7.88344497e-06  9.29129551e-01 -6.01553810e-06 
 7.90844497e-06  9.26368890e-01 -5.98943920e-06 
 7.93344497e-06  9.23820310e-01 -6.02339841e-06 
 7.95844497e-06  9.21470912e-01 -5.99677593e-06 
 7.98344497e-06  9.19308508e-01 -6.03022116e-06 
 8.00844497e-06  9.17321468e-01 -6.00310034e-06 
 8.03344497e-06  9.15498666e-01 -6.03606110e-06 
 8.05844497e-06  9.13829454e-01 -6.00847621e-06 
 8.08344497e-06  9.12303662e-01 -6.04099095e-06 
 8.10844497e-06  9.10911593e-01 -6.01298364e-06 
 8.13344497e-06  9.09644024e-01 -6.04509620e-06 
 8.15844497e-06  9.08492199e-01 -6.01671164e-06 
 8.18344497e-06  9.07447822e-01 -6.04846774e-06 
 8.20844497e-06  9.06503044e-01 -6.01975166e-06 
 8.23344497e-06  9.05650450e-01 -6.05119653e-06 
 8.25844497e-06  9.04883045e-01 -6.02219325e-06 
 8.28344497e-06  9.04194236e-01 -6.05337002e-06 
 8.30844497e-06  9.03577820e-01 -6.02412128e-06 
 8.33344497e-06  9.03027963e-01 -6.05507011e-06 
 8.35844497e-06  9.02539189e-01 -6.02561433e-06 
 8.38344497e-06  9.02106360e-01 -6.05637182e-06 
 8.40844497e-06  9.01724663e-01 -6.02674376e-06 
 8.43344497e-06  9.01389595e-01 -6.05734276e-06 
 8.45844497e-06  9.01096946e-01 -6.02757338e-06 
 8.48344497e-06  9.00842793e-01 -6.05804297e-06 
 8.50844497e-06  9.00623476e-01 -6.02815948e-06 
 8.53344497e-06  9.00435594e-01 -6.05852502e-06 
 8.55844497e-06  9.00275988e-01 -6.02855101e-06 
 8.58344497e-06  9.00141732e-01 -6.05883437e-06 
 8.60844497e-06  9.00030119e-01 -6.02879003e-06 
 8.63344497e-06  8.99938650e-01 -6.05900979e-06 
 8.65844497e-06  8.99865027e-01 -6.02891217e-06 
 8.68344497e-06  8.99807138e-01 -6.05908391e-06 
 8.70844497e-06  8.99763048e-01 -6.02894720e-06 
 8.73344497e-06  8.99730990e-01 -6.05908378e-06 
 8.75844497e-06  8.99709355e-01 -6.02891960e-06 
 8.78344497e-06  8.99696684e-01 -6.05903148e-06 
 8.80844497e-06  8.99691654e-01 -6.02884919e-06 
 8.83344497e-06  8.99693075e-01 -6.05894469e-06 
 8.85844497e-06  8.99699878e-01 -6.02875168e-06 
 8.88344497e-06  8.99711108e-01 -6.05883731e-06 
 8.90844497e-06  8.99725914e-01 -6.02863927e-06 
 8.93344497e-06  8.99743544e-01 -6.05871998e-06 
 8.95844497e-06  8.99763335e-01 -6.02852118e-06 
 8.98344497e-06  8.99784707e-01 -6.05860061e-06 
 9.00844497e-06  8.99807156e-01 -6.02840413e-06 
 9.03344497e-06  8.99830247e-01 -6.05848485e-06 
 9.05844497e-06  8.99853607e-01 -6.02829282e-06 
 9.08344497e-06  8.99876922e-01 -6.05837654e-06 
 9.10844497e-06  8.99899929e-01 -6.02819030e-06 
 9.13344497e-06  8.99922409e-01 -6.05827806e-06 
 9.15844497e-06  8.99944186e-01 -6.02809836e-06 
 9.18344497e-06  8.99965121e-01 -6.05819066e-06 
 9.20844497e-06  8.99985106e-01 -6.02801781e-06 
 9.23344497e-06  9.00004062e-01 -6.05811476e-06 
 9.25844497e-06  9.00021935e-01 -6.02794871e-06 
 9.28344497e-06  9.00038692e-01 -6.05805015e-06 
 9.30844497e-06  9.00054318e-01 -6.02789065e-06 
 9.33344497e-06  9.00068814e-01 -6.05799622e-06 
 9.35844497e-06  9.00082193e-01 -6.02784283e-06 
 9.38344497e-06  9.00094481e-01 -6.05795207e-06 
 9.40844497e-06  9.00105711e-01 -6.02780429e-06 
 9.43344497e-06  9.00115923e-01 -6.05791665e-06 
 9.45844497e-06  9.00125162e-01 -6.02777393e-06 
 9.48344497e-06  9.00133479e-01 -6.05788885e-06 
 9.50844497e-06  9.00140925e-01 -6.02775064e-06 
 9.53344497e-06  9.00147555e-01 -6.05786758e-06 
 9.55844497e-06  9.00153423e-01 -6.02773333e-06 
 9.58344497e-06  9.00158585e-01 -6.05785176e-06 
 9.60844497e-06  9.00163094e-01 -6.02772099e-06 
 9.63344497e-06  9.00167004e-01 -6.05784044e-06 
 9.65844497e-06  9.00170366e-01 -6.02771269e-06 
 9.68344497e-06  9.00173230e-01 -6.05783273e-06 
 9.70844497e-06  9.00175642e-01 -6.02770760e-06 
 9.73344497e-06  9.00177648e-01 -6.05782786e-06 
 9.75844497e-06  9.00179291e-01 -6.02770501e-06 
 9.78344497e-06  9.00180609e-01 -6.05782517e-06 
 9.80844497e-06  9.00181641e-01 -6.02770431e-06 
 9.83344497e-06  9.00182420e-01 -6.05782410e-06 
 9.85844497e-06  9.00182978e-01 -6.02770499e-06 
 9.88344497e-06  9.00183345e-01 -6.05782419e-06 
 9.90844497e-06  9.00183548e-01 -6.02770663e-06 
 9.93344497e-06  9.00183610e-01 -6.05782507e-06 
 9.95844497e-06  9.00183554e-01 -6.02770891e-06 
 9.98344497e-06  9.00183399e-01 -6.05782644e-06 
 1.00084450e-05  9.00183164e-01 -6.02771155e-06 
 1.00334450e-05  9.00182863e-01 -6.05782808e-06 
 1.00584450e-05  9.00182512e-01 -6.02771436e-06 
 1.00834450e-05  9.00182122e-01 -6.05782980e-06 
 1.01084450e-05  9.00181705e-01 -6.02771720e-06 
 1.01334450e-05  9.00181269e-01 -6.05783149e-06 
 1.01584450e-05  9.00180823e-01 -6.02771996e-06 
 1.01834450e-05  9.00180373e-01 -6.05783306e-06 
 1.02084450e-05  9.00179926e-01 -6.02772256e-06 
 1.02334450e-05  9.00179486e-01 -6.05783445e-06 
 1.02584450e-05  9.00179057e-01 -6.02772497e-06 
 1.02834450e-05  9.00178642e-01 -6.05783564e-06 
 1.03084450e-05  9.00178244e-01 -6.02772717e-06 
 1.03334450e-05  9.00177865e-01 -6.05783661e-06 
 1.03584450e-05  9.00177507e-01 -6.02772915e-06 
 1.03834450e-05  9.00177169e-01 -6.05783736e-06 
 1.04084450e-05  9.00176853e-01 -6.02773091e-06 
 1.04334450e-05  9.00176558e-01 -6.05783789e-06 
 1.04584450e-05  9.00176285e-01 -6.02773247e-06 
 1.04834450e-05  9.00176034e-01 -6.05783824e-06 
 1.05084450e-05  9.00175803e-01 -6.02773384e-06 
 1.05334450e-05  9.00175593e-01 -6.05783841e-06 
 1.05584450e-05  9.00175402e-01 -6.02773505e-06 
 1.05834450e-05  9.00175229e-01 -6.05783842e-06 
 1.06084450e-05  9.00175074e-01 -6.02773612e-06 
 1.06334450e-05  9.00174935e-01 -6.05783830e-06 
 1.06584450e-05  9.00174812e-01 -6.02773706e-06 
 1.06834450e-05  9.00174703e-01 -6.05783807e-06 
 1.07084450e-05  9.00174607e-01 -6.02773790e-06 
 1.07334450e-05  9.00174523e-01 -6.05783775e-06 
 1.07584450e-05  9.00174451e-01 -6.02773866e-06 
 1.07834450e-05  9.00174389e-01 -6.05783735e-06 
 1.08084450e-05  9.00174336e-01 -6.02773935e-06 
 1.08334450e-05  9.00174292e-01 -6.05783689e-06 
 1.08584450e-05  9.00174255e-01 -6.02773999e-06 
 1.08834450e-05  9.00174225e-01 -6.05783639e-06 
 1.09084450e-05  9.00174201e-01 -6.02774059e-06 
 1.09334450e-05  9.00174182e-01 -6.05783584e-06 
 1.09584450e-05  9.00174168e-01 -6.02774116e-06 
 1.09834450e-05  9.00174158e-01 -6.05783528e-06 
 1.10084450e-05  9.00174152e-01 -6.02774170e-06 
 1.10334450e-05  9.00174149e-01 -6.05783470e-06 
 1.10584450e-05  9.00174148e-01 -6.02774224e-06 
 1.10834450e-05  9.00174150e-01 -6.05783410e-06 
 1.11084450e-05  9.00174153e-01 -6.02774276e-06 
 1.11334450e-05  9.00174158e-01 -6.05783350e-06 
 1.11584450e-05  9.00174164e-01 -6.02774328e-06 
 1.11834450e-05  9.00174170e-01 -6.05783289e-06 
 1.12084450e-05  9.00174178e-01 -6.02774380e-06 
 1.12334450e-05  9.00174186e-01 -6.05783229e-06 
 1.12584450e-05  9.00174194e-01 -6.02774432e-06 
 1.12834450e-05  9.00174203e-01 -6.05783169e-06 
 1.13084450e-05  9.00174211e-01 -6.02774484e-06 
 1.13334450e-05  9.00174220e-01 -6.05783109e-06 
 1.13584450e-05  9.00174228e-01 -6.02774536e-06 
 1.13834450e-05  9.00174236e-01 -6.05783049e-06 
 1.14084450e-05  9.00174244e-01 -6.02774589e-06 
 1.14334450e-05  9.00174252e-01 -6.05782990e-06 
 1.14584450e-05  9.00174259e-01 -6.02774642e-06 
 1.14834450e-05  9.00174266e-01 -6.05782931e-06 
 1.15084450e-05  9.00174272e-01 -6.02774696e-06 
 1.15334450e-05  9.00174278e-01 -6.05782872e-06 
 1.15584450e-05  9.00174283e-01 -6.02774750e-06 
 1.15834450e-05  9.00174289e-01 -6.05782814e-06 
 1.16084450e-05  9.00174293e-01 -6.02774805e-06 
 1.16334450e-05  9.00174298e-01 -6.05782756e-06 
 1.16584450e-05  9.00174302e-01 -6.02774860e-06 
 1.16834450e-05  9.00174305e-01 -6.05782699e-06 
 1.17084450e-05  9.00174308e-01 -6.02774915e-06 
 1.17334450e-05  9.00174311e-01 -6.05782642e-06 
 1.17584450e-05  9.00174314e-01 -6.02774970e-06 
 1.17834450e-05  9.00174316e-01 -6.05782585e-06 
 1.18084450e-05  9.00174318e-01 -6.02775026e-06 
 1.18334450e-05  9.00174320e-01 -6.05782528e-06 
 1.18584450e-05  9.00174321e-01 -6.02775082e-06 
 1.18834450e-05  9.00174323e-01 -6.05782472e-06 
 1.19084450e-05  9.00174324e-01 -6.02775138e-06 
 1.19334450e-05  9.00174325e-01 -6.05782415e-06 
 1.19584450e-05  9.00174326e-01 -6.02775194e-06 
 1.19792225e-05  9.00174326e-01 -6.05782353e-06 
 1.20000000e-05  9.00174327e-01 -6.02775261e-06 
 1.20000110e-05  9.00174140e-01 -1.81145215e-05 
 1.20000331e-05  9.00173484e-01 -2.13907385e-05 
 1.20000368e-05  9.00173321e-01 -2.03758022e-05 
 1.20000405e-05  9.00173150e-01 -1.99688963e-05 
 1.20000454e-05  9.00172909e-01 -1.98629182e-05 
 1.20000552e-05  9.00172384e-01 -1.99401732e-05 
 1.20000685e-05  9.00171579e-01 -2.01256173e-05 
 1.20000892e-05  9.00170088e-01 -2.03176277e-05 
 1.20001151e-05  9.00167829e-01 -2.05170784e-05 
 1.20001655e-05  9.00162278e-01 -2.08172488e-05 
 1.20002436e-05  9.00151331e-01 -2.13015318e-05 
 1.20003432e-05  9.00134842e-01 -2.20451681e-05 
 1.20004320e-05  9.00119343e-01 -2.28152555e-05 
 1.20005249e-05  9.00103865e-01 -2.36334120e-05 
 1.20006258e-05  9.00089282e-01 -2.44992209e-05 
 1.20007364e-05  9.00077169e-01 -2.53152054e-05 
 1.20008666e-05  9.00068716e-01 -2.61774303e-05 
 1.20010000e-05  9.00065701e-01 -2.70264567e-05 
 1.20010001e-05  9.00065700e-01 -2.18751450e-05 
 1.20010003e-05  9.00065700e-01 -2.17950714e-05 
 1.20010008e-05  9.00065698e-01 -2.06755193e-05 
 1.20010016e-05  9.00065696e-01 -1.92117192e-05 
 1.20010033e-05  9.00065697e-01 -1.70404035e-05 
 1.20010065e-05  9.00065716e-01 -1.46196618e-05 
 1.20010097e-05  9.00065756e-01 -1.37485303e-05 
 1.20010131e-05  9.00065823e-01 -1.34812762e-05 
 1.20010165e-05  9.00065908e-01 -1.35075284e-05 
 1.20010205e-05  9.00066036e-01 -1.36245797e-05 
 1.20010248e-05  9.00066191e-01 -1.37530016e-05 
 1.20010299e-05  9.00066408e-01 -1.38335189e-05 
 1.20010355e-05  9.00066674e-01 -1.38752444e-05 
 1.20010423e-05  9.00067044e-01 -1.38426448e-05 
 1.20010503e-05  9.00067525e-01 -1.37884958e-05 
 1.20010604e-05  9.00068218e-01 -1.36712524e-05 
 1.20010733e-05  9.00069210e-01 -1.35547603e-05 
 1.20010912e-05  9.00070785e-01 -1.33860254e-05 
 1.20011180e-05  9.00073462e-01 -1.32196034e-05 
 1.20011641e-05  9.00078567e-01 -1.29817339e-05 
 1.20012441e-05  9.00086912e-01 -1.27208869e-05 
 1.20013464e-05  9.00092669e-01 -1.24236444e-05 
 1.20015189e-05  9.00080025e-01 -1.20109375e-05 
 1.20016785e-05  9.00038368e-01 -1.16516414e-05 
 1.20018932e-05  8.99935446e-01 -1.12773685e-05 
 1.20020968e-05  8.99792014e-01 -1.09695725e-05 
 1.20023693e-05  8.99540178e-01 -1.06721448e-05 
 1.20026413e-05  8.99231072e-01 -1.04206261e-05 
 1.20029966e-05  8.98758183e-01 -1.01930676e-05 
 1.20033629e-05  8.98204981e-01 -9.99060964e-06 
 1.20038332e-05  8.97420873e-01 -9.81332450e-06 
 1.20043330e-05  8.96518639e-01 -9.64250770e-06 
 1.20049681e-05  8.95300099e-01 -9.49257754e-06 
 1.20056619e-05  8.93905011e-01 -9.33474205e-06 
 1.20065386e-05  8.92084105e-01 -9.19173913e-06 
 1.20075213e-05  8.90001992e-01 -9.03023629e-06 
 1.20087612e-05  8.87357273e-01 -8.87777956e-06 
 1.20101850e-05  8.84338912e-01 -8.69940436e-06 
 1.20119879e-05  8.80594953e-01 -8.52568021e-06 
 1.20141144e-05  8.76334433e-01 -8.32126608e-06 
 1.20168447e-05  8.71148452e-01 -8.11893099e-06 
 1.20201915e-05  8.65243010e-01 -7.88328222e-06 
 1.20246503e-05  8.58112801e-01 -7.64920563e-06 
 1.20304914e-05  8.49902011e-01 -7.38244363e-06 
 1.20389105e-05  8.39886684e-01 -7.12346340e-06 
 1.20506818e-05  8.28484250e-01 -6.85834571e-06 
 1.20646619e-05  8.17474445e-01 -6.68715812e-06 
 1.20786309e-05  8.08056345e-01 -6.56705779e-06 
 1.20937395e-05  7.98770750e-01 -6.51032493e-06 
 1.21090336e-05  7.89799043e-01 -6.45851374e-06 
 1.21270492e-05  7.79374959e-01 -6.44516125e-06 
 1.21473507e-05  7.67543892e-01 -6.41966822e-06 
 1.21723507e-05  7.52672604e-01 -6.42560843e-06 
 1.21973507e-05  7.37437921e-01 -6.41258823e-06 
 1.22223507e-05  7.21891973e-01 -6.42537971e-06 
 1.22473507e-05  7.06111745e-01 -6.41461700e-06 
 1.22723507e-05  6.90166509e-01 -6.42792149e-06 
 1.22973507e-05  6.74109443e-01 -6.41708147e-06 
 1.23223507e-05  6.57978187e-01 -6.43015977e-06 
 1.23473507e-05  6.41798142e-01 -6.41910699e-06 
 1.23723507e-05  6.25585975e-01 -6.43202135e-06 
 1.23973507e-05  6.09352463e-01 -6.42085845e-06 
 1.24223507e-05  5.93104585e-01 -6.43369818e-06 
 1.24473507e-05  5.76846968e-01 -6.42248783e-06 
 1.24723507e-05  5.60582892e-01 -6.43528936e-06 
 1.24973507e-05  5.44314999e-01 -6.42404493e-06 
 1.25223507e-05  5.28045862e-01 -6.43680054e-06 
 1.25473507e-05  5.11778515e-01 -6.42549222e-06 
 1.25723507e-05  4.95517017e-01 -6.43814584e-06 
 1.25973507e-05  4.79267136e-01 -6.42668409e-06 
 1.26223507e-05  4.63037167e-01 -6.43910312e-06 
 1.26473507e-05  4.46838923e-01 -6.42730140e-06 
 1.26723507e-05  4.30688885e-01 -6.43923498e-06 
 1.26973507e-05  4.14609522e-01 -6.42676985e-06 
 1.27223507e-05  3.98630801e-01 -6.43781827e-06 
 1.27473507e-05  3.82791964e-01 -6.42421796e-06 
 1.27723507e-05  3.67143695e-01 -6.43385712e-06 
 1.27973507e-05  3.51750933e-01 -6.41859552e-06 
 1.28223507e-05  3.36697004e-01 -6.42641573e-06 
 1.28473507e-05  3.22090122e-01 -6.40940046e-06 
 1.28723507e-05  3.08073690e-01 -6.41597205e-06 
 1.28973507e-05  2.94841496e-01 -6.39895807e-06 
 1.29223507e-05  2.82645563e-01 -6.40758491e-06 
 1.29473507e-05  2.71759078e-01 -6.39475627e-06 
 1.29723507e-05  2.62366950e-01 -6.40807417e-06 
 1.29973507e-05  2.54450618e-01 -6.39788874e-06 
 1.30223507e-05  2.47792739e-01 -6.41080781e-06 
 1.30473507e-05  2.42103358e-01 -6.39859918e-06 
 1.30723507e-05  2.37138890e-01 -6.40974117e-06 
 1.30973507e-05  2.32738517e-01 -6.39670433e-06 
 1.31223507e-05  2.28805321e-01 -6.40771293e-06 
 1.31473507e-05  2.25278854e-01 -6.39481016e-06 
 1.31723507e-05  2.22116584e-01 -6.40597603e-06 
 1.31973507e-05  2.19284061e-01 -6.39319976e-06 
 1.32223507e-05  2.16751167e-01 -6.40445816e-06 
 1.32473507e-05  2.14490604e-01 -6.39176096e-06 
 1.32723507e-05  2.12477347e-01 -6.40308911e-06 
 1.32973507e-05  2.10688425e-01 -6.39046353e-06 
 1.33223507e-05  2.09102780e-01 -6.40186083e-06 
 1.33473507e-05  2.07701137e-01 -6.38930760e-06 
 1.33723507e-05  2.06465858e-01 -6.40077388e-06 
 1.33973507e-05  2.05380815e-01 -6.38829142e-06 
 1.34223507e-05  2.04431254e-01 -6.39982380e-06 
 1.34473507e-05  2.03603674e-01 -6.38740829e-06 
 1.34723507e-05  2.02885719e-01 -6.39900235e-06 
 1.34973507e-05  2.02266076e-01 -6.38664901e-06 
 1.35223507e-05  2.01734387e-01 -6.39829976e-06 
 1.35473507e-05  2.01281173e-01 -6.38600350e-06 
 1.35723507e-05  2.00897761e-01 -6.39770582e-06 
 1.35973507e-05  2.00576223e-01 -6.38546151e-06 
 1.36223507e-05  2.00309319e-01 -6.39721030e-06 
 1.36473507e-05  2.00090451e-01 -6.38501284e-06 
 1.36723507e-05  1.99913612e-01 -6.39680304e-06 
 1.36973507e-05  1.99773351e-01 -6.38464743e-06 
 1.37223507e-05  1.99664730e-01 -6.39647408e-06 
 1.37473507e-05  1.99583291e-01 -6.38435536e-06 
 1.37723507e-05  1.99525023e-01 -6.39621362e-06 
 1.37973507e-05  1.99486334e-01 -6.38412699e-06 
 1.38223507e-05  1.99464014e-01 -6.39601215e-06 
 1.38473507e-05  1.99455216e-01 -6.38395301e-06 
 1.38723507e-05  1.99457423e-01 -6.39586060e-06 
 1.38973507e-05  1.99468427e-01 -6.38382459e-06 
 1.39223507e-05  1.99486299e-01 -6.39575044e-06 
 1.39473507e-05  1.99509371e-01 -6.38373354e-06 
 1.39723507e-05  1.99536210e-01 -6.39567384e-06 
 1.39973507e-05  1.99565594e-01 -6.38367240e-06 
 1.40223507e-05  1.99596498e-01 -6.39562374e-06 
 1.40473507e-05  1.99628066e-01 -6.38363457e-06 
 1.40723507e-05  1.99659600e-01 -6.39559398e-06 
 1.40973507e-05  1.99690537e-01 -6.38361431e-06 
 1.41223507e-05  1.99720433e-01 -6.39557929e-06 
 1.41473507e-05  1.99748951e-01 -6.38360681e-06 
 1.41723507e-05  1.99775842e-01 -6.39557528e-06 
 1.41973507e-05  1.99800936e-01 -6.38360812e-06 
 1.42223507e-05  1.99824129e-01 -6.39557844e-06 
 1.42473507e-05  1.99845370e-01 -6.38361511e-06 
 1.42723507e-05  1.99864655e-01 -6.39558599e-06 
 1.42973507e-05  1.99882015e-01 -6.38362537e-06 
 1.43223507e-05  1.99897509e-01 -6.39559586e-06 
 1.43473507e-05  1.99911222e-01 -6.38363713e-06 
 1.43723507e-05  1.99923250e-01 -6.39560656e-06 
 1.43973507e-05  1.99933705e-01 -6.38364914e-06 
 1.44223507e-05  1.99942703e-01 -6.39561704e-06 
 1.44473507e-05  1.99950365e-01 -6.38366055e-06 
 1.44723507e-05  1.99956814e-01 -6.39562666e-06 
 1.44973507e-05  1.99962168e-01 -6.38367089e-06 
 1.45223507e-05  1.99966544e-01 -6.39563505e-06 
 1.45473507e-05  1.99970054e-01 -6.38367989e-06 
 1.45723507e-05  1.99972804e-01 -6.39564206e-06 
 1.45973507e-05  1.99974891e-01 -6.38368747e-06 
 1.46223507e-05  1.99976408e-01 -6.39564766e-06 
 1.46473507e-05  1.99977438e-01 -6.38369368e-06 
 1.46723507e-05  1.99978058e-01 -6.39565196e-06 
 1.46973507e-05  1.99978337e-01 -6.38369864e-06 
 1.47223507e-05  1.99978337e-01 -6.39565509e-06 
 1.47473507e-05  1.99978111e-01 -6.38370251e-06 
 1.47723507e-05  1.99977709e-01 -6.39565721e-06 
 1.47973507e-05  1.99977172e-01 -6.38370545e-06 
 1.48223507e-05  1.99976536e-01 -6.39565851e-06 
 1.48473507e-05  1.99975833e-01 -6.38370765e-06 
 1.48723507e-05  1.99975087e-01 -6.39565915e-06 
 1.48973507e-05  1.99974322e-01 -6.38370926e-06 
 1.49223507e-05  1.99973554e-01 -6.39565928e-06 
 1.49473507e-05  1.99972799e-01 -6.38371043e-06 
 1.49723507e-05  1.99972067e-01 -6.39565903e-06 
 1.49973507e-05  1.99971367e-01 -6.38371126e-06 
 1.50223507e-05  1.99970706e-01 -6.39565852e-06 
 1.50473507e-05  1.99970088e-01 -6.38371188e-06 
 1.50723507e-05  1.99969516e-01 -6.39565783e-06 
 1.50973507e-05  1.99968991e-01 -6.38371235e-06 
 1.51223507e-05  1.99968514e-01 -6.39565703e-06 
 1.51473507e-05  1.99968084e-01 -6.38371273e-06 
 1.51723507e-05  1.99967699e-01 -6.39565617e-06 
 1.51973507e-05  1.99967358e-01 -6.38371306e-06 
 1.52223507e-05  1.99967059e-01 -6.39565529e-06 
 1.52473507e-05  1.99966798e-01 -6.38371339e-06 
 1.52723507e-05  1.99966573e-01 -6.39565442e-06 
 1.52973507e-05  1.99966380e-01 -6.38371373e-06 
 1.53223507e-05  1.99966218e-01 -6.39565357e-06 
 1.53473507e-05  1.99966083e-01 -6.38371409e-06 
 1.53723507e-05  1.99965972e-01 -6.39565275e-06 
 1.53973507e-05  1.99965883e-01 -6.38371448e-06 
 1.54223507e-05  1.99965812e-01 -6.39565197e-06 
 1.54473507e-05  1.99965758e-01 -6.38371490e-06 
 1.54723507e-05  1.99965718e-01 -6.39565122e-06 
 1.54973507e-05  1.99965691e-01 -6.38371535e-06 
 1.55223507e-05  1.99965674e-01 -6.39565051e-06 
 1.55473507e-05  1.99965665e-01 -6.38371583e-06 
 1.55723507e-05  1.99965663e-01 -6.39564983e-06 
 1.55973507e-05  1.99965667e-01 -6.38371634e-06 
 1.56223507e-05  1.99965676e-01 -6.39564918e-06 
 1.56473507e-05  1.99965688e-01 -6.38371686e-06 
 1.56723507e-05  1.99965703e-01 -6.39564855e-06 
 1.56973507e-05  1.99965719e-01 -6.38371740e-06 
 1.57223507e-05  1.99965737e-01 -6.39564794e-06 
 1.57473507e-05  1.99965755e-01 -6.38371795e-06 
 1.57723507e-05  1.99965774e-01 -6.39564734e-06 
 1.57973507e-05  1.99965792e-01 -6.38371851e-06 
 1.58223507e-05  1.99965810e-01 -6.39564676e-06 
 1.58473507e-05  1.99965827e-01 -6.38371908e-06 
 1.58723507e-05  1.99965843e-01 -6.39564618e-06 
 1.58973507e-05  1.99965858e-01 -6.38371965e-06 
 1.59223507e-05  1.99965872e-01 -6.39564561e-06 
 1.59473507e-05  1.99965885e-01 -6.38372023e-06 
 1.59723507e-05  1.99965897e-01 -6.39564505e-06 
 1.59973507e-05  1.99965907e-01 -6.38372080e-06 
 1.60223507e-05  1.99965917e-01 -6.39564449e-06 
 1.60473507e-05  1.99965925e-01 -6.38372137e-06 
 1.60723507e-05  1.99965933e-01 -6.39564393e-06 
 1.60973507e-05  1.99965939e-01 -6.38372194e-06 
 1.61223507e-05  1.99965945e-01 -6.39564337e-06 
 1.61473507e-05  1.99965950e-01 -6.38372251e-06 
 1.61723507e-05  1.99965954e-01 -6.39564282e-06 
 1.61973507e-05  1.99965957e-01 -6.38372307e-06 
 1.62223507e-05  1.99965960e-01 -6.39564227e-06 
 1.62473507e-05  1.99965962e-01 -6.38372363e-06 
 1.62723507e-05  1.99965964e-01 -6.39564172e-06 
 1.62973507e-05  1.99965965e-01 -6.38372419e-06 
 1.63223507e-05  1.99965967e-01 -6.39564117e-06 
 1.63473507e-05  1.99965967e-01 -6.38372475e-06 
 1.63723507e-05  1.99965968e-01 -6.39564062e-06 
 1.63973507e-05  1.99965968e-01 -6.38372530e-06 
 1.64223507e-05  1.99965968e-01 -6.39564007e-06 
 1.64473507e-05  1.99965968e-01 -6.38372585e-06 
 1.64723507e-05  1.99965968e-01 -6.39563953e-06 
 1.64973507e-05  1.99965968e-01 -6.38372640e-06 
 1.65223507e-05  1.99965967e-01 -6.39563898e-06 
 1.65473507e-05  1.99965967e-01 -6.38372694e-06 
 1.65723507e-05  1.99965966e-01 -6.39563844e-06 
 1.65973507e-05  1.99965966e-01 -6.38372749e-06 
 1.66223507e-05  1.99965966e-01 -6.39563790e-06 
 1.66473507e-05  1.99965965e-01 -6.38372803e-06 
 1.66723507e-05  1.99965965e-01 -6.39563736e-06 
 1.66973507e-05  1.99965964e-01 -6.38372857e-06 
 1.67223507e-05  1.99965964e-01 -6.39563682e-06 
 1.67473507e-05  1.99965963e-01 -6.38372910e-06 
 1.67723507e-05  1.99965963e-01 -6.39563629e-06 
 1.67973507e-05  1.99965963e-01 -6.38372964e-06 
 1.68223507e-05  1.99965963e-01 -6.39563575e-06 
 1.68473507e-05  1.99965962e-01 -6.38373017e-06 
 1.68723507e-05  1.99965962e-01 -6.39563522e-06 
 1.68973507e-05  1.99965962e-01 -6.38373070e-06 
 1.69223507e-05  1.99965962e-01 -6.39563469e-06 
 1.69473507e-05  1.99965961e-01 -6.38373123e-06 
 1.69723507e-05  1.99965961e-01 -6.39563416e-06 
 1.69973507e-05  1.99965961e-01 -6.38373176e-06 
 1.70223507e-05  1.99965961e-01 -6.39563364e-06 
 1.70473507e-05  1.99965961e-01 -6.38373228e-06 
 1.70723507e-05  1.99965961e-01 -6.39563311e-06 
 1.70973507e-05  1.99965961e-01 -6.38373280e-06 
 1.71223507e-05  1.99965961e-01 -6.39563259e-06 
 1.71473507e-05  1.99965961e-01 -6.38373332e-06 
 1.71723507e-05  1.99965961e-01 -6.39563207e-06 
 1.71973507e-05  1.99965961e-01 -6.38373384e-06 
 1.72223507e-05  1.99965961e-01 -6.39563156e-06 
 1.72473507e-05  1.99965961e-01 -6.38373436e-06 
 1.72723507e-05  1.99965961e-01 -6.39563104e-06 
 1.72973507e-05  1.99965961e-01 -6.38373487e-06 
 1.73223507e-05  1.99965961e-01 -6.39563053e-06 
 1.73473507e-05  1.99965961e-01 -6.38373539e-06 
 1.73723507e-05  1.99965961e-01 -6.39563001e-06 
 1.73973507e-05  1.99965961e-01 -6.38373590e-06 
 1.74223507e-05  1.99965961e-01 -6.39562950e-06 
 1.74473507e-05  1.99965961e-01 -6.38373641e-06 
 1.74723507e-05  1.99965961e-01 -6.39562900e-06 
 1.74973507e-05  1.99965961e-01 -6.38373691e-06 
 1.75223507e-05  1.99965961e-01 -6.39562849e-06 
 1.75473507e-05  1.99965961e-01 -6.38373742e-06 
 1.75723507e-05  1.99965961e-01 -6.39562798e-06 
 1.75973507e-05  1.99965961e-01 -6.38373792e-06 
 1.76223507e-05  1.99965961e-01 -6.39562748e-06 
 1.76473507e-05  1.99965961e-01 -6.38373842e-06 
 1.76723507e-05  1.99965961e-01 -6.39562698e-06 
 1.76973507e-05  1.99965961e-01 -6.38373892e-06 
 1.77223507e-05  1.99965961e-01 -6.39562648e-06 
 1.77473507e-05  1.99965961e-01 -6.38373942e-06 
 1.77723507e-05  1.99965961e-01 -6.39562599e-06 
 1.77973507e-05  1.99965961e-01 -6.38373992e-06 
 1.78223507e-05  1.99965961e-01 -6.39562549e-06 
 1.78473507e-05  1.99965961e-01 -6.38374041e-06 
 1.78723507e-05  1.99965961e-01 -6.39562500e-06 
 1.78973507e-05  1.99965961e-01 -6.38374090e-06 
 1.79223507e-05  1.99965961e-01 -6.39562451e-06 
 1.79473507e-05  1.99965961e-01 -6.38374139e-06 
 1.79723507e-05  1.99965961e-01 -6.39562402e-06 
 1.79973507e-05  1.99965961e-01 -6.38374188e-06 
 1.80223507e-05  1.99965961e-01 -6.39562353e-06 
 1.80473507e-05  1.99965961e-01 -6.38374237e-06 
 1.80723507e-05  1.99965961e-01 -6.39562304e-06 
 1.80973507e-05  1.99965961e-01 -6.38374285e-06 
 1.81223507e-05  1.99965961e-01 -6.39562256e-06 
 1.81473507e-05  1.99965961e-01 -6.38374334e-06 
 1.81723507e-05  1.99965961e-01 -6.39562208e-06 
 1.81973507e-05  1.99965961e-01 -6.38374382e-06 
 1.82223507e-05  1.99965961e-01 -6.39562160e-06 
 1.82473507e-05  1.99965961e-01 -6.38374430e-06 
 1.82723507e-05  1.99965961e-01 -6.39562112e-06 
 1.82973507e-05  1.99965961e-01 -6.38374477e-06 
 1.83223507e-05  1.99965961e-01 -6.39562064e-06 
 1.83473507e-05  1.99965961e-01 -6.38374525e-06 
 1.83723507e-05  1.99965961e-01 -6.39562017e-06 
 1.83973507e-05  1.99965961e-01 -6.38374572e-06 
 1.84223507e-05  1.99965961e-01 -6.39561969e-06 
 1.84473507e-05  1.99965961e-01 -6.38374620e-06 
 1.84723507e-05  1.99965961e-01 -6.39561922e-06 
 1.84973507e-05  1.99965961e-01 -6.38374667e-06 
 1.85223507e-05  1.99965961e-01 -6.39561876e-06 
 1.85473507e-05  1.99965961e-01 -6.38374713e-06 
 1.85723507e-05  1.99965961e-01 -6.39561829e-06 
 1.85973507e-05  1.99965961e-01 -6.38374760e-06 
 1.86223507e-05  1.99965961e-01 -6.39561782e-06 
 1.86473507e-05  1.99965961e-01 -6.38374807e-06 
 1.86723507e-05  1.99965961e-01 -6.39561736e-06 
 1.86973507e-05  1.99965961e-01 -6.38374853e-06 
 1.87223507e-05  1.99965961e-01 -6.39561690e-06 
 1.87473507e-05  1.99965961e-01 -6.38374899e-06 
 1.87723507e-05  1.99965961e-01 -6.39561644e-06 
 1.87973507e-05  1.99965961e-01 -6.38374945e-06 
 1.88223507e-05  1.99965961e-01 -6.39561598e-06 
 1.88473507e-05  1.99965961e-01 -6.38374990e-06 
 1.88723507e-05  1.99965961e-01 -6.39561552e-06 
 1.88973507e-05  1.99965961e-01 -6.38375036e-06 
 1.89223507e-05  1.99965961e-01 -6.39561507e-06 
 1.89473507e-05  1.99965961e-01 -6.38375081e-06 
 1.89723507e-05  1.99965961e-01 -6.39561462e-06 
 1.89973507e-05  1.99965961e-01 -6.38375127e-06 
 1.90223507e-05  1.99965961e-01 -6.39561416e-06 
 1.90473507e-05  1.99965961e-01 -6.38375172e-06 
 1.90723507e-05  1.99965961e-01 -6.39561372e-06 
 1.90973507e-05  1.99965961e-01 -6.38375216e-06 
 1.91223507e-05  1.99965961e-01 -6.39561327e-06 
 1.91473507e-05  1.99965961e-01 -6.38375261e-06 
 1.91723507e-05  1.99965961e-01 -6.39561282e-06 
 1.91973507e-05  1.99965961e-01 -6.38375305e-06 
 1.92223507e-05  1.99965961e-01 -6.39561238e-06 
 1.92473507e-05  1.99965961e-01 -6.38375350e-06 
 1.92723507e-05  1.99965961e-01 -6.39561194e-06 
 1.92973507e-05  1.99965961e-01 -6.38375394e-06 
 1.93223507e-05  1.99965961e-01 -6.39561150e-06 
 1.93473507e-05  1.99965961e-01 -6.38375438e-06 
 1.93723507e-05  1.99965961e-01 -6.39561106e-06 
 1.93973507e-05  1.99965961e-01 -6.38375481e-06 
 1.94223507e-05  1.99965961e-01 -6.39561062e-06 
 1.94473507e-05  1.99965961e-01 -6.38375525e-06 
 1.94723507e-05  1.99965961e-01 -6.39561019e-06 
 1.94973507e-05  1.99965961e-01 -6.38375568e-06 
 1.95223507e-05  1.99965961e-01 -6.39560976e-06 
 1.95473507e-05  1.99965961e-01 -6.38375612e-06 
 1.95723507e-05  1.99965961e-01 -6.39560932e-06 
 1.95973507e-05  1.99965961e-01 -6.38375654e-06 
 1.96223507e-05  1.99965961e-01 -6.39560890e-06 
 1.96473507e-05  1.99965961e-01 -6.38375697e-06 
 1.96723507e-05  1.99965961e-01 -6.39560847e-06 
 1.96973507e-05  1.99965961e-01 -6.38375740e-06 
 1.97223507e-05  1.99965961e-01 -6.39560804e-06 
 1.97473507e-05  1.99965961e-01 -6.38375783e-06 
 1.97723507e-05  1.99965961e-01 -6.39560762e-06 
 1.97973507e-05  1.99965961e-01 -6.38375825e-06 
 1.98223507e-05  1.99965961e-01 -6.39560719e-06 
 1.98473507e-05  1.99965961e-01 -6.38375867e-06 
 1.98723507e-05  1.99965961e-01 -6.39560678e-06 
 1.98973507e-05  1.99965961e-01 -6.38375909e-06 
 1.99223507e-05  1.99965961e-01 -6.39560636e-06 
 1.99473507e-05  1.99965961e-01 -6.38375951e-06 
 1.99723507e-05  1.99965961e-01 -6.39560594e-06 
 1.99973507e-05  1.99965961e-01 -6.38375992e-06 
 2.00223507e-05  1.99965961e-01 -6.39560552e-06 
 2.00473507e-05  1.99965961e-01 -6.38376034e-06 
 2.00723507e-05  1.99965961e-01 -6.39560511e-06 
 2.00973507e-05  1.99965961e-01 -6.38376075e-06 
 2.01223507e-05  1.99965961e-01 -6.39560470e-06 
 2.01473507e-05  1.99965961e-01 -6.38376116e-06 
 2.01723507e-05  1.99965961e-01 -6.39560429e-06 
 2.01973507e-05  1.99965961e-01 -6.38376157e-06 
 2.02223507e-05  1.99965961e-01 -6.39560388e-06 
 2.02473507e-05  1.99965961e-01 -6.38376197e-06 
 2.02723507e-05  1.99965961e-01 -6.39560348e-06 
 2.02973507e-05  1.99965961e-01 -6.38376238e-06 
 2.03223507e-05  1.99965961e-01 -6.39560307e-06 
 2.03473507e-05  1.99965961e-01 -6.38376278e-06 
 2.03723507e-05  1.99965961e-01 -6.39560267e-06 
 2.03973507e-05  1.99965961e-01 -6.38376319e-06 
 2.04223507e-05  1.99965961e-01 -6.39560227e-06 
 2.04473507e-05  1.99965961e-01 -6.38376359e-06 
 2.04723507e-05  1.99965961e-01 -6.39560187e-06 
 2.04973507e-05  1.99965961e-01 -6.38376398e-06 
 2.05223507e-05  1.99965961e-01 -6.39560147e-06 
 2.05473507e-05  1.99965961e-01 -6.38376438e-06 
 2.05723507e-05  1.99965961e-01 -6.39560108e-06 
 2.05973507e-05  1.99965961e-01 -6.38376478e-06 
 2.06223507e-05  1.99965961e-01 -6.39560068e-06 
 2.06473507e-05  1.99965961e-01 -6.38376517e-06 
 2.06723507e-05  1.99965961e-01 -6.39560029e-06 
 2.06973507e-05  1.99965961e-01 -6.38376556e-06 
 2.07223507e-05  1.99965961e-01 -6.39559990e-06 
 2.07473507e-05  1.99965961e-01 -6.38376595e-06 
 2.07723507e-05  1.99965961e-01 -6.39559951e-06 
 2.07973507e-05  1.99965961e-01 -6.38376634e-06 
 2.08223507e-05  1.99965961e-01 -6.39559913e-06 
 2.08473507e-05  1.99965961e-01 -6.38376672e-06 
 2.08723507e-05  1.99965961e-01 -6.39559874e-06 
 2.08973507e-05  1.99965961e-01 -6.38376711e-06 
 2.09223507e-05  1.99965961e-01 -6.39559836e-06 
 2.09473507e-05  1.99965961e-01 -6.38376749e-06 
 2.09723507e-05  1.99965961e-01 -6.39559797e-06 
 2.09973507e-05  1.99965961e-01 -6.38376787e-06 
 2.10223507e-05  1.99965961e-01 -6.39559759e-06 
 2.10473507e-05  1.99965961e-01 -6.38376825e-06 
 2.10723507e-05  1.99965961e-01 -6.39559722e-06 
 2.10973507e-05  1.99965961e-01 -6.38376863e-06 
 2.11223507e-05  1.99965961e-01 -6.39559684e-06 
 2.11473507e-05  1.99965961e-01 -6.38376900e-06 
 2.11723507e-05  1.99965961e-01 -6.39559647e-06 
 2.11973507e-05  1.99965961e-01 -6.38376938e-06 
 2.12223507e-05  1.99965961e-01 -6.39559609e-06 
 2.12473507e-05  1.99965961e-01 -6.38376975e-06 
 2.12723507e-05  1.99965961e-01 -6.39559572e-06 
 2.12973507e-05  1.99965961e-01 -6.38377012e-06 
 2.13223507e-05  1.99965961e-01 -6.39559535e-06 
 2.13473507e-05  1.99965961e-01 -6.38377049e-06 
 2.13723507e-05  1.99965961e-01 -6.39559498e-06 
 2.13973507e-05  1.99965961e-01 -6.38377086e-06 
 2.14223507e-05  1.99965961e-01 -6.39559462e-06 
 2.14473507e-05  1.99965961e-01 -6.38377122e-06 
 2.14723507e-05  1.99965961e-01 -6.39559425e-06 
 2.14973507e-05  1.99965961e-01 -6.38377158e-06 
 2.15223507e-05  1.99965961e-01 -6.39559389e-06 
 2.15473507e-05  1.99965961e-01 -6.38377194e-06 
 2.15723507e-05  1.99965961e-01 -6.39559353e-06 
 2.15973507e-05  1.99965961e-01 -6.38377231e-06 
 2.16223507e-05  1.99965961e-01 -6.39559317e-06 
 2.16473507e-05  1.99965961e-01 -6.38377267e-06 
 2.16723507e-05  1.99965961e-01 -6.39559281e-06 
 2.16973507e-05  1.99965961e-01 -6.38377302e-06 
 2.17223507e-05  1.99965961e-01 -6.39559246e-06 
 2.17473507e-05  1.99965961e-01 -6.38377338e-06 
 2.17723507e-05  1.99965961e-01 -6.39559210e-06 
 2.17973507e-05  1.99965961e-01 -6.38377373e-06 
 2.18223507e-05  1.99965961e-01 -6.39559175e-06 
 2.18473507e-05  1.99965961e-01 -6.38377408e-06 
 2.18723507e-05  1.99965961e-01 -6.39559140e-06 
 2.18973507e-05  1.99965961e-01 -6.38377443e-06 
 2.19223507e-05  1.99965961e-01 -6.39559105e-06 
 2.19473507e-05  1.99965961e-01 -6.38377478e-06 
 2.19723507e-05  1.99965961e-01 -6.39559070e-06 
 2.19861754e-05  1.99965961e-01 -6.38377526e-06 
 2.20000000e-05  1.99965961e-01 -6.39559008e-06 
