 time            v(pad)          i(VDD)         
 0.00000000e+00  2.00073103e-01 -1.28094602e-05 
 2.50000000e-10  2.00073103e-01 -1.28094602e-05 
 5.00000000e-10  2.00073103e-01 -1.28094602e-05 
 1.00000000e-09  2.00073103e-01 -1.28094602e-05 
 2.00000000e-09  2.00073103e-01 -1.28094602e-05 
 4.00000000e-09  2.00073103e-01 -1.28094602e-05 
 8.00000000e-09  2.00073103e-01 -1.28094602e-05 
 1.60000000e-08  2.00073103e-01 -1.28094602e-05 
 3.20000000e-08  2.00073103e-01 -1.28094602e-05 
 5.70000000e-08  2.00073103e-01 -1.28094602e-05 
 8.20000000e-08  2.00073103e-01 -1.28094602e-05 
 1.07000000e-07  2.00073103e-01 -1.28094602e-05 
 1.32000000e-07  2.00073103e-01 -1.28094602e-05 
 1.57000000e-07  2.00073103e-01 -1.28094602e-05 
 1.82000000e-07  2.00073103e-01 -1.28094602e-05 
 2.07000000e-07  2.00073103e-01 -1.28094602e-05 
 2.32000000e-07  2.00073103e-01 -1.28094602e-05 
 2.57000000e-07  2.00073103e-01 -1.28094602e-05 
 2.82000000e-07  2.00073103e-01 -1.28094602e-05 
 3.07000000e-07  2.00073103e-01 -1.28094602e-05 
 3.32000000e-07  2.00073103e-01 -1.28094602e-05 
 3.57000000e-07  2.00073103e-01 -1.28094602e-05 
 3.82000000e-07  2.00073103e-01 -1.28094602e-05 
 4.07000000e-07  2.00073103e-01 -1.28094602e-05 
 4.32000000e-07  2.00073103e-01 -1.28094602e-05 
 4.57000000e-07  2.00073103e-01 -1.28094602e-05 
 4.82000000e-07  2.00073103e-01 -1.28094602e-05 
 5.07000000e-07  2.00073103e-01 -1.28094602e-05 
 5.32000000e-07  2.00073103e-01 -1.28094602e-05 
 5.57000000e-07  2.00073103e-01 -1.28094602e-05 
 5.82000000e-07  2.00073103e-01 -1.28094602e-05 
 6.07000000e-07  2.00073103e-01 -1.28094602e-05 
 6.32000000e-07  2.00073103e-01 -1.28094602e-05 
 6.57000000e-07  2.00073103e-01 -1.28094602e-05 
 6.82000000e-07  2.00073103e-01 -1.28094602e-05 
 7.07000000e-07  2.00073103e-01 -1.28094602e-05 
 7.32000000e-07  2.00073103e-01 -1.28094602e-05 
 7.57000000e-07  2.00073103e-01 -1.28094602e-05 
 7.82000000e-07  2.00073103e-01 -1.28094602e-05 
 8.07000000e-07  2.00073103e-01 -1.28094602e-05 
 8.32000000e-07  2.00073103e-01 -1.28094602e-05 
 8.57000000e-07  2.00073103e-01 -1.28094602e-05 
 8.82000000e-07  2.00073103e-01 -1.28094602e-05 
 9.07000000e-07  2.00073103e-01 -1.28094602e-05 
 9.32000000e-07  2.00073103e-01 -1.28094602e-05 
 9.57000000e-07  2.00073103e-01 -1.28094602e-05 
 9.82000000e-07  2.00073103e-01 -1.28094602e-05 
 1.00700000e-06  2.00073103e-01 -1.28094602e-05 
 1.03200000e-06  2.00073103e-01 -1.28094602e-05 
 1.05700000e-06  2.00073103e-01 -1.28094602e-05 
 1.08200000e-06  2.00073103e-01 -1.28094602e-05 
 1.10700000e-06  2.00073103e-01 -1.28094602e-05 
 1.13200000e-06  2.00073103e-01 -1.28094602e-05 
 1.15700000e-06  2.00073103e-01 -1.28094602e-05 
 1.18200000e-06  2.00073103e-01 -1.28094602e-05 
 1.20700000e-06  2.00073103e-01 -1.28094602e-05 
 1.23200000e-06  2.00073103e-01 -1.28094602e-05 
 1.25700000e-06  2.00073103e-01 -1.28094602e-05 
 1.28200000e-06  2.00073103e-01 -1.28094602e-05 
 1.30700000e-06  2.00073103e-01 -1.28094602e-05 
 1.33200000e-06  2.00073103e-01 -1.28094602e-05 
 1.35700000e-06  2.00073103e-01 -1.28094602e-05 
 1.38200000e-06  2.00073103e-01 -1.28094602e-05 
 1.40700000e-06  2.00073103e-01 -1.28094602e-05 
 1.43200000e-06  2.00073103e-01 -1.28094602e-05 
 1.45700000e-06  2.00073103e-01 -1.28094602e-05 
 1.48200000e-06  2.00073103e-01 -1.28094602e-05 
 1.50700000e-06  2.00073103e-01 -1.28094602e-05 
 1.53200000e-06  2.00073103e-01 -1.28094602e-05 
 1.55700000e-06  2.00073103e-01 -1.28094602e-05 
 1.58200000e-06  2.00073103e-01 -1.28094602e-05 
 1.60700000e-06  2.00073103e-01 -1.28094602e-05 
 1.63200000e-06  2.00073103e-01 -1.28094602e-05 
 1.65700000e-06  2.00073103e-01 -1.28094602e-05 
 1.68200000e-06  2.00073103e-01 -1.28094602e-05 
 1.70700000e-06  2.00073103e-01 -1.28094602e-05 
 1.73200000e-06  2.00073103e-01 -1.28094602e-05 
 1.75700000e-06  2.00073103e-01 -1.28094602e-05 
 1.78200000e-06  2.00073103e-01 -1.28094602e-05 
 1.80700000e-06  2.00073103e-01 -1.28094602e-05 
 1.83200000e-06  2.00073103e-01 -1.28094602e-05 
 1.85700000e-06  2.00073103e-01 -1.28094602e-05 
 1.88200000e-06  2.00073103e-01 -1.28094602e-05 
 1.90700000e-06  2.00073103e-01 -1.28094602e-05 
 1.93200000e-06  2.00073103e-01 -1.28094602e-05 
 1.95700000e-06  2.00073103e-01 -1.28094602e-05 
 1.97850000e-06  2.00073103e-01 -1.28094602e-05 
 2.00000000e-06  2.00073103e-01 -1.28094602e-05 
 2.00001141e-06  2.00073930e-01 -1.74678060e-06 
 2.00003423e-06  2.00076841e-01  7.51173018e-07 
 2.00003797e-06  2.00077546e-01 -1.32206600e-07 
 2.00004172e-06  2.00078293e-01 -4.05945187e-07 
 2.00004668e-06  2.00079334e-01 -4.04020548e-07 
 2.00005661e-06  2.00081596e-01 -2.39188031e-07 
 2.00006859e-06  2.00084650e-01 -1.11443614e-08 
 2.00008737e-06  2.00090172e-01  2.43155888e-07 
 2.00010967e-06  2.00097856e-01  4.96031269e-07 
 2.00015320e-06  2.00115969e-01  8.39847441e-07 
 2.00023508e-06  2.00158021e-01  1.30622103e-06 
 2.00033960e-06  2.00219618e-01  1.74624691e-06 
 2.00049208e-06  2.00310608e-01  2.37379734e-06 
 2.00067913e-06  2.00409986e-01  3.11667833e-06 
 2.00083957e-06  2.00479025e-01  3.76635784e-06 
 2.00100000e-06  2.00531705e-01  4.37985884e-06 
 2.00100012e-06  2.00531739e-01 -7.73409129e-07 
 2.00100037e-06  2.00531806e-01 -8.98932940e-07 
 2.00100085e-06  2.00531939e-01 -2.16447960e-06 
 2.00100172e-06  2.00532169e-01 -3.84674081e-06 
 2.00100344e-06  2.00532612e-01 -6.25632545e-06 
 2.00100647e-06  2.00533332e-01 -8.31787163e-06 
 2.00100975e-06  2.00534031e-01 -8.96354516e-06 
 2.00101304e-06  2.00534652e-01 -8.98394407e-06 
 2.00101654e-06  2.00535238e-01 -8.84034678e-06 
 2.00102049e-06  2.00535819e-01 -8.66101082e-06 
 2.00102485e-06  2.00536378e-01 -8.52324657e-06 
 2.00102983e-06  2.00536923e-01 -8.44659584e-06 
 2.00103555e-06  2.00537440e-01 -8.42771400e-06 
 2.00104227e-06  2.00537909e-01 -8.47090002e-06 
 2.00105037e-06  2.00538287e-01 -8.54827920e-06 
 2.00106035e-06  2.00538471e-01 -8.66841393e-06 
 2.00107342e-06  2.00538238e-01 -8.79819841e-06 
 2.00109109e-06  2.00537067e-01 -8.95130642e-06 
 2.00111826e-06  2.00533396e-01 -9.09336207e-06 
 2.00116386e-06  2.00522601e-01 -9.22758281e-06 
 2.00125505e-06  2.00487564e-01 -9.28091698e-06 
 2.00136196e-06  2.00431298e-01 -9.27219509e-06 
 2.00155753e-06  2.00310928e-01 -9.25033169e-06 
 2.00180448e-06  2.00152264e-01 -9.28095284e-06 
 2.00212562e-06  1.99956810e-01 -9.32281121e-06 
 2.00258378e-06  1.99709322e-01 -9.40580214e-06 
 2.00346702e-06  1.99335731e-01 -9.53934397e-06 
 2.00523350e-06  1.98957849e-01 -9.81746514e-06 
 2.00798941e-06  1.99190412e-01 -1.01955056e-05 
 2.01078558e-06  2.00235118e-01 -1.05517549e-05 
 2.01446133e-06  2.02494925e-01 -1.09392781e-05 
 2.01888597e-06  2.06148676e-01 -1.13385480e-05 
 2.02505165e-06  2.12316043e-01 -1.17465697e-05 
 2.03147948e-06  2.19565322e-01 -1.20606738e-05 
 2.04008695e-06  2.29960001e-01 -1.23200186e-05 
 2.04897693e-06  2.41119011e-01 -1.24888284e-05 
 2.05824060e-06  2.52944009e-01 -1.25735849e-05 
 2.06734534e-06  2.64641141e-01 -1.26293972e-05 
 2.07733817e-06  2.77499950e-01 -1.26468948e-05 
 2.08812643e-06  2.91375767e-01 -1.26658286e-05 
 2.10053556e-06  3.07313307e-01 -1.26606007e-05 
 2.11452398e-06  3.25247416e-01 -1.26668743e-05 
 2.13122765e-06  3.46623384e-01 -1.26550984e-05 
 2.15111702e-06  3.72029783e-01 -1.26587711e-05 
 2.17611702e-06  4.03904601e-01 -1.26461599e-05 
 2.20111702e-06  4.35720003e-01 -1.26502048e-05 
 2.22611702e-06  4.67479185e-01 -1.26383988e-05 
 2.25111702e-06  4.99183367e-01 -1.26426574e-05 
 2.27611702e-06  5.30833051e-01 -1.26307875e-05 
 2.30111702e-06  5.62429050e-01 -1.26348673e-05 
 2.32611702e-06  5.93972595e-01 -1.26226921e-05 
 2.35111702e-06  6.25466036e-01 -1.26262806e-05 
 2.37611702e-06  6.56912481e-01 -1.26132702e-05 
 2.40111702e-06  6.88314360e-01 -1.26155019e-05 
 2.42611702e-06  7.19664456e-01 -1.26003784e-05 
 2.45111702e-06  7.50917788e-01 -1.25996068e-05 
 2.47094432e-06  7.75536096e-01 -1.25833607e-05 
 2.48907911e-06  7.97703487e-01 -1.25837783e-05 
 2.50904010e-06  8.21092588e-01 -1.25703813e-05 
 2.53110316e-06  8.43913012e-01 -1.25851492e-05 
 2.54203005e-06  8.53181615e-01 -1.25891810e-05 
 2.55091013e-06  8.59184419e-01 -1.26122910e-05 
 2.56085932e-06  8.64022017e-01 -1.26260078e-05 
 2.57238154e-06  8.67211884e-01 -1.26617499e-05 
 2.58490727e-06  8.68450683e-01 -1.26811876e-05 
 2.60099152e-06  8.68584718e-01 -1.27129488e-05 
 2.61249685e-06  8.68711562e-01 -1.27129191e-05 
 2.62373725e-06  8.69385141e-01 -1.27229644e-05 
 2.63631470e-06  8.70794808e-01 -1.27132803e-05 
 2.65082880e-06  8.72970809e-01 -1.27176939e-05 
 2.67085535e-06  8.76157649e-01 -1.27060820e-05 
 2.69168196e-06  8.79025828e-01 -1.27138049e-05 
 2.71474656e-06  8.81415254e-01 -1.27079314e-05 
 2.73766547e-06  8.83244621e-01 -1.27181332e-05 
 2.76266547e-06  8.85034959e-01 -1.27110756e-05 
 2.78766547e-06  8.86760612e-01 -1.27192062e-05 
 2.81266547e-06  8.88353450e-01 -1.27112595e-05 
 2.83766547e-06  8.89733111e-01 -1.27197262e-05 
 2.86266547e-06  8.90908393e-01 -1.27121849e-05 
 2.88766547e-06  8.91936098e-01 -1.27206195e-05 
 2.91266547e-06  8.92856586e-01 -1.27128027e-05 
 2.93766547e-06  8.93680199e-01 -1.27210502e-05 
 2.96266547e-06  8.94407485e-01 -1.27131870e-05 
 2.98766547e-06  8.95045591e-01 -1.27214421e-05 
 3.01266547e-06  8.95607446e-01 -1.27135473e-05 
 3.03766547e-06  8.96105025e-01 -1.27217491e-05 
 3.06266547e-06  8.96546132e-01 -1.27137995e-05 
 3.08766547e-06  8.96936302e-01 -1.27219723e-05 
 3.11266547e-06  8.97280738e-01 -1.27139981e-05 
 3.13766547e-06  8.97584960e-01 -1.27221533e-05 
 3.16266547e-06  8.97853949e-01 -1.27141539e-05 
 3.18766547e-06  8.98091952e-01 -1.27222916e-05 
 3.21266547e-06  8.98302414e-01 -1.27142726e-05 
 3.23766547e-06  8.98488484e-01 -1.27223996e-05 
 3.26266547e-06  8.98652946e-01 -1.27143657e-05 
 3.28766547e-06  8.98798389e-01 -1.27224843e-05 
 3.31266547e-06  8.98926992e-01 -1.27144377e-05 
 3.33766547e-06  8.99040740e-01 -1.27225502e-05 
 3.36266547e-06  8.99141301e-01 -1.27144936e-05 
 3.38766547e-06  8.99230240e-01 -1.27226020e-05 
 3.41266547e-06  8.99308868e-01 -1.27145370e-05 
 3.43766547e-06  8.99378419e-01 -1.27226426e-05 
 3.46266547e-06  8.99439906e-01 -1.27145706e-05 
 3.48766547e-06  8.99494298e-01 -1.27226746e-05 
 3.51266547e-06  8.99542380e-01 -1.27145967e-05 
 3.53766547e-06  8.99584916e-01 -1.27226997e-05 
 3.56266547e-06  8.99622517e-01 -1.27146169e-05 
 3.58766547e-06  8.99655783e-01 -1.27227196e-05 
 3.61266547e-06  8.99685187e-01 -1.27146325e-05 
 3.63766547e-06  8.99711205e-01 -1.27227353e-05 
 3.66266547e-06  8.99734199e-01 -1.27146444e-05 
 3.68766547e-06  8.99754547e-01 -1.27227477e-05 
 3.71266547e-06  8.99772529e-01 -1.27146536e-05 
 3.73766547e-06  8.99788444e-01 -1.27227576e-05 
 3.76266547e-06  8.99802506e-01 -1.27146606e-05 
 3.78766547e-06  8.99814954e-01 -1.27227655e-05 
 3.81266547e-06  8.99825950e-01 -1.27146659e-05 
 3.83766547e-06  8.99835686e-01 -1.27227719e-05 
 3.86266547e-06  8.99844285e-01 -1.27146699e-05 
 3.88766547e-06  8.99851900e-01 -1.27227770e-05 
 3.91266547e-06  8.99858624e-01 -1.27146729e-05 
 3.93766547e-06  8.99864581e-01 -1.27227812e-05 
 3.96266547e-06  8.99869839e-01 -1.27146751e-05 
 3.98766547e-06  8.99874499e-01 -1.27227846e-05 
 4.01266547e-06  8.99878610e-01 -1.27146766e-05 
 4.03766547e-06  8.99882255e-01 -1.27227874e-05 
 4.06266547e-06  8.99885469e-01 -1.27146777e-05 
 4.08766547e-06  8.99888321e-01 -1.27227897e-05 
 4.11266547e-06  8.99890834e-01 -1.27146784e-05 
 4.13766547e-06  8.99893065e-01 -1.27227917e-05 
 4.16266547e-06  8.99895030e-01 -1.27146788e-05 
 4.18766547e-06  8.99896775e-01 -1.27227933e-05 
 4.21266547e-06  8.99898311e-01 -1.27146790e-05 
 4.23766547e-06  8.99899677e-01 -1.27227947e-05 
 4.26266547e-06  8.99900878e-01 -1.27146790e-05 
 4.28766547e-06  8.99901947e-01 -1.27227960e-05 
 4.31266547e-06  8.99902885e-01 -1.27146790e-05 
 4.33766547e-06  8.99903722e-01 -1.27227971e-05 
 4.36266547e-06  8.99904455e-01 -1.27146788e-05 
 4.38766547e-06  8.99905110e-01 -1.27227980e-05 
 4.41266547e-06  8.99905683e-01 -1.27146785e-05 
 4.43766547e-06  8.99906195e-01 -1.27227989e-05 
 4.46266547e-06  8.99906643e-01 -1.27146782e-05 
 4.48766547e-06  8.99907044e-01 -1.27227997e-05 
 4.51266547e-06  8.99907394e-01 -1.27146778e-05 
 4.53766547e-06  8.99907708e-01 -1.27228004e-05 
 4.56266547e-06  8.99907981e-01 -1.27146774e-05 
 4.58766547e-06  8.99908228e-01 -1.27228011e-05 
 4.61266547e-06  8.99908441e-01 -1.27146770e-05 
 4.63766547e-06  8.99908634e-01 -1.27228017e-05 
 4.66266547e-06  8.99908800e-01 -1.27146766e-05 
 4.68766547e-06  8.99908951e-01 -1.27228023e-05 
 4.71266547e-06  8.99909081e-01 -1.27146762e-05 
 4.73766547e-06  8.99909200e-01 -1.27228029e-05 
 4.76266547e-06  8.99909301e-01 -1.27146757e-05 
 4.78766547e-06  8.99909394e-01 -1.27228034e-05 
 4.81266547e-06  8.99909473e-01 -1.27146753e-05 
 4.83766547e-06  8.99909546e-01 -1.27228039e-05 
 4.86266547e-06  8.99909607e-01 -1.27146749e-05 
 4.88766547e-06  8.99909665e-01 -1.27228044e-05 
 4.91266547e-06  8.99909712e-01 -1.27146744e-05 
 4.93766547e-06  8.99909758e-01 -1.27228049e-05 
 4.96266547e-06  8.99909794e-01 -1.27146740e-05 
 4.98766547e-06  8.99909830e-01 -1.27228054e-05 
 5.01266547e-06  8.99909859e-01 -1.27146736e-05 
 5.03766547e-06  8.99909887e-01 -1.27228058e-05 
 5.06266547e-06  8.99909909e-01 -1.27146732e-05 
 5.08766547e-06  8.99909931e-01 -1.27228062e-05 
 5.11266547e-06  8.99909948e-01 -1.27146728e-05 
 5.13766547e-06  8.99909966e-01 -1.27228067e-05 
 5.16266547e-06  8.99909979e-01 -1.27146724e-05 
 5.18766547e-06  8.99909993e-01 -1.27228071e-05 
 5.21266547e-06  8.99910003e-01 -1.27146720e-05 
 5.23766547e-06  8.99910015e-01 -1.27228075e-05 
 5.26266547e-06  8.99910022e-01 -1.27146716e-05 
 5.28766547e-06  8.99910031e-01 -1.27228079e-05 
 5.31266547e-06  8.99910037e-01 -1.27146712e-05 
 5.33766547e-06  8.99910044e-01 -1.27228083e-05 
 5.36266547e-06  8.99910048e-01 -1.27146708e-05 
 5.38766547e-06  8.99910054e-01 -1.27228087e-05 
 5.41266547e-06  8.99910057e-01 -1.27146704e-05 
 5.43766547e-06  8.99910062e-01 -1.27228090e-05 
 5.46266547e-06  8.99910065e-01 -1.27146700e-05 
 5.48766547e-06  8.99910068e-01 -1.27228094e-05 
 5.51266547e-06  8.99910070e-01 -1.27146697e-05 
 5.53766547e-06  8.99910073e-01 -1.27228098e-05 
 5.56266547e-06  8.99910074e-01 -1.27146693e-05 
 5.58766547e-06  8.99910077e-01 -1.27228101e-05 
 5.61266547e-06  8.99910078e-01 -1.27146690e-05 
 5.63766547e-06  8.99910080e-01 -1.27228105e-05 
 5.66266547e-06  8.99910080e-01 -1.27146686e-05 
 5.68766547e-06  8.99910082e-01 -1.27228109e-05 
 5.71266547e-06  8.99910083e-01 -1.27146683e-05 
 5.73766547e-06  8.99910084e-01 -1.27228112e-05 
 5.76266547e-06  8.99910084e-01 -1.27146679e-05 
 5.78766547e-06  8.99910086e-01 -1.27228115e-05 
 5.81266547e-06  8.99910085e-01 -1.27146676e-05 
 5.83766547e-06  8.99910087e-01 -1.27228119e-05 
 5.86266547e-06  8.99910086e-01 -1.27146672e-05 
 5.88766547e-06  8.99910087e-01 -1.27228122e-05 
 5.91266547e-06  8.99910087e-01 -1.27146669e-05 
 5.93766547e-06  8.99910088e-01 -1.27228126e-05 
 5.96266547e-06  8.99910088e-01 -1.27146666e-05 
 5.98766547e-06  8.99910089e-01 -1.27228129e-05 
 6.01266547e-06  8.99910088e-01 -1.27146662e-05 
 6.03766547e-06  8.99910089e-01 -1.27228132e-05 
 6.06266547e-06  8.99910089e-01 -1.27146659e-05 
 6.08766547e-06  8.99910089e-01 -1.27228135e-05 
 6.11266547e-06  8.99910089e-01 -1.27146656e-05 
 6.13766547e-06  8.99910090e-01 -1.27228139e-05 
 6.16266547e-06  8.99910089e-01 -1.27146653e-05 
 6.18766547e-06  8.99910090e-01 -1.27228142e-05 
 6.21266547e-06  8.99910089e-01 -1.27146650e-05 
 6.23766547e-06  8.99910090e-01 -1.27228145e-05 
 6.26266547e-06  8.99910090e-01 -1.27146647e-05 
 6.28766547e-06  8.99910090e-01 -1.27228148e-05 
 6.31266547e-06  8.99910090e-01 -1.27146643e-05 
 6.33766547e-06  8.99910090e-01 -1.27228151e-05 
 6.36266547e-06  8.99910090e-01 -1.27146640e-05 
 6.38766547e-06  8.99910090e-01 -1.27228154e-05 
 6.41266547e-06  8.99910090e-01 -1.27146637e-05 
 6.43766547e-06  8.99910090e-01 -1.27228157e-05 
 6.46266547e-06  8.99910090e-01 -1.27146634e-05 
 6.48766547e-06  8.99910090e-01 -1.27228160e-05 
 6.51266547e-06  8.99910090e-01 -1.27146631e-05 
 6.53766547e-06  8.99910090e-01 -1.27228163e-05 
 6.56266547e-06  8.99910090e-01 -1.27146628e-05 
 6.58766547e-06  8.99910090e-01 -1.27228166e-05 
 6.61266547e-06  8.99910090e-01 -1.27146625e-05 
 6.63766547e-06  8.99910090e-01 -1.27228169e-05 
 6.66266547e-06  8.99910090e-01 -1.27146622e-05 
 6.68766547e-06  8.99910090e-01 -1.27228172e-05 
 6.71266547e-06  8.99910090e-01 -1.27146619e-05 
 6.73766547e-06  8.99910090e-01 -1.27228175e-05 
 6.76266547e-06  8.99910090e-01 -1.27146616e-05 
 6.78766547e-06  8.99910090e-01 -1.27228178e-05 
 6.81266547e-06  8.99910090e-01 -1.27146613e-05 
 6.83766547e-06  8.99910090e-01 -1.27228181e-05 
 6.86266547e-06  8.99910090e-01 -1.27146610e-05 
 6.88766547e-06  8.99910090e-01 -1.27228184e-05 
 6.91266547e-06  8.99910090e-01 -1.27146607e-05 
 6.93766547e-06  8.99910090e-01 -1.27228187e-05 
 6.96266547e-06  8.99910090e-01 -1.27146605e-05 
 6.98766547e-06  8.99910090e-01 -1.27228190e-05 
 7.01266547e-06  8.99910090e-01 -1.27146602e-05 
 7.03766547e-06  8.99910090e-01 -1.27228193e-05 
 7.06266547e-06  8.99910090e-01 -1.27146599e-05 
 7.08766547e-06  8.99910090e-01 -1.27228196e-05 
 7.11266547e-06  8.99910090e-01 -1.27146596e-05 
 7.13766547e-06  8.99910090e-01 -1.27228198e-05 
 7.16266547e-06  8.99910090e-01 -1.27146593e-05 
 7.18766547e-06  8.99910090e-01 -1.27228201e-05 
 7.21266547e-06  8.99910090e-01 -1.27146590e-05 
 7.23766547e-06  8.99910090e-01 -1.27228204e-05 
 7.26266547e-06  8.99910090e-01 -1.27146587e-05 
 7.28766547e-06  8.99910090e-01 -1.27228207e-05 
 7.31266547e-06  8.99910090e-01 -1.27146585e-05 
 7.33766547e-06  8.99910090e-01 -1.27228210e-05 
 7.36266547e-06  8.99910090e-01 -1.27146582e-05 
 7.38766547e-06  8.99910090e-01 -1.27228213e-05 
 7.41266547e-06  8.99910090e-01 -1.27146579e-05 
 7.43766547e-06  8.99910090e-01 -1.27228216e-05 
 7.46266547e-06  8.99910090e-01 -1.27146576e-05 
 7.48766547e-06  8.99910090e-01 -1.27228218e-05 
 7.51266547e-06  8.99910090e-01 -1.27146573e-05 
 7.53766547e-06  8.99910090e-01 -1.27228221e-05 
 7.56266547e-06  8.99910090e-01 -1.27146570e-05 
 7.58766547e-06  8.99910090e-01 -1.27228224e-05 
 7.61266547e-06  8.99910090e-01 -1.27146568e-05 
 7.63766547e-06  8.99910090e-01 -1.27228227e-05 
 7.66266547e-06  8.99910090e-01 -1.27146565e-05 
 7.68766547e-06  8.99910090e-01 -1.27228230e-05 
 7.71266547e-06  8.99910090e-01 -1.27146562e-05 
 7.73766547e-06  8.99910090e-01 -1.27228232e-05 
 7.76266547e-06  8.99910090e-01 -1.27146559e-05 
 7.78766547e-06  8.99910090e-01 -1.27228235e-05 
 7.81266547e-06  8.99910090e-01 -1.27146556e-05 
 7.83766547e-06  8.99910090e-01 -1.27228238e-05 
 7.86266547e-06  8.99910090e-01 -1.27146554e-05 
 7.88766547e-06  8.99910090e-01 -1.27228241e-05 
 7.91266547e-06  8.99910090e-01 -1.27146551e-05 
 7.93766547e-06  8.99910090e-01 -1.27228243e-05 
 7.96266547e-06  8.99910090e-01 -1.27146548e-05 
 7.98766547e-06  8.99910090e-01 -1.27228246e-05 
 8.01266547e-06  8.99910090e-01 -1.27146545e-05 
 8.03766547e-06  8.99910090e-01 -1.27228249e-05 
 8.06266547e-06  8.99910090e-01 -1.27146543e-05 
 8.08766547e-06  8.99910090e-01 -1.27228252e-05 
 8.11266547e-06  8.99910090e-01 -1.27146540e-05 
 8.13766547e-06  8.99910090e-01 -1.27228254e-05 
 8.16266547e-06  8.99910090e-01 -1.27146537e-05 
 8.18766547e-06  8.99910090e-01 -1.27228257e-05 
 8.21266547e-06  8.99910090e-01 -1.27146534e-05 
 8.23766547e-06  8.99910090e-01 -1.27228260e-05 
 8.26266547e-06  8.99910090e-01 -1.27146532e-05 
 8.28766547e-06  8.99910090e-01 -1.27228263e-05 
 8.31266547e-06  8.99910090e-01 -1.27146529e-05 
 8.33766547e-06  8.99910090e-01 -1.27228265e-05 
 8.36266547e-06  8.99910090e-01 -1.27146526e-05 
 8.38766547e-06  8.99910090e-01 -1.27228268e-05 
 8.41266547e-06  8.99910090e-01 -1.27146523e-05 
 8.43766547e-06  8.99910090e-01 -1.27228271e-05 
 8.46266547e-06  8.99910090e-01 -1.27146521e-05 
 8.48766547e-06  8.99910090e-01 -1.27228274e-05 
 8.51266547e-06  8.99910090e-01 -1.27146518e-05 
 8.53766547e-06  8.99910090e-01 -1.27228276e-05 
 8.56266547e-06  8.99910090e-01 -1.27146515e-05 
 8.58766547e-06  8.99910090e-01 -1.27228279e-05 
 8.61266547e-06  8.99910090e-01 -1.27146512e-05 
 8.63766547e-06  8.99910090e-01 -1.27228282e-05 
 8.66266547e-06  8.99910090e-01 -1.27146510e-05 
 8.68766547e-06  8.99910090e-01 -1.27228285e-05 
 8.71266547e-06  8.99910090e-01 -1.27146507e-05 
 8.73766547e-06  8.99910090e-01 -1.27228287e-05 
 8.76266547e-06  8.99910090e-01 -1.27146504e-05 
 8.78766547e-06  8.99910090e-01 -1.27228290e-05 
 8.81266547e-06  8.99910090e-01 -1.27146502e-05 
 8.83766547e-06  8.99910090e-01 -1.27228293e-05 
 8.86266547e-06  8.99910090e-01 -1.27146499e-05 
 8.88766547e-06  8.99910090e-01 -1.27228295e-05 
 8.91266547e-06  8.99910090e-01 -1.27146496e-05 
 8.93766547e-06  8.99910090e-01 -1.27228298e-05 
 8.96266547e-06  8.99910090e-01 -1.27146493e-05 
 8.98766547e-06  8.99910090e-01 -1.27228301e-05 
 9.01266547e-06  8.99910090e-01 -1.27146491e-05 
 9.03766547e-06  8.99910090e-01 -1.27228304e-05 
 9.06266547e-06  8.99910090e-01 -1.27146488e-05 
 9.08766547e-06  8.99910090e-01 -1.27228306e-05 
 9.11266547e-06  8.99910090e-01 -1.27146485e-05 
 9.13766547e-06  8.99910090e-01 -1.27228309e-05 
 9.16266547e-06  8.99910090e-01 -1.27146483e-05 
 9.18766547e-06  8.99910090e-01 -1.27228312e-05 
 9.21266547e-06  8.99910090e-01 -1.27146480e-05 
 9.23766547e-06  8.99910090e-01 -1.27228314e-05 
 9.26266547e-06  8.99910090e-01 -1.27146477e-05 
 9.28766547e-06  8.99910090e-01 -1.27228317e-05 
 9.31266547e-06  8.99910090e-01 -1.27146474e-05 
 9.33766547e-06  8.99910090e-01 -1.27228320e-05 
 9.36266547e-06  8.99910090e-01 -1.27146472e-05 
 9.38766547e-06  8.99910090e-01 -1.27228323e-05 
 9.41266547e-06  8.99910090e-01 -1.27146469e-05 
 9.43766547e-06  8.99910090e-01 -1.27228325e-05 
 9.46266547e-06  8.99910090e-01 -1.27146466e-05 
 9.48766547e-06  8.99910090e-01 -1.27228328e-05 
 9.51266547e-06  8.99910090e-01 -1.27146464e-05 
 9.53766547e-06  8.99910090e-01 -1.27228331e-05 
 9.56266547e-06  8.99910090e-01 -1.27146461e-05 
 9.58766547e-06  8.99910090e-01 -1.27228333e-05 
 9.61266547e-06  8.99910090e-01 -1.27146458e-05 
 9.63766547e-06  8.99910090e-01 -1.27228336e-05 
 9.66266547e-06  8.99910090e-01 -1.27146456e-05 
 9.68766547e-06  8.99910090e-01 -1.27228339e-05 
 9.71266547e-06  8.99910090e-01 -1.27146453e-05 
 9.73766547e-06  8.99910090e-01 -1.27228341e-05 
 9.76266547e-06  8.99910090e-01 -1.27146450e-05 
 9.78766547e-06  8.99910090e-01 -1.27228344e-05 
 9.81266547e-06  8.99910090e-01 -1.27146447e-05 
 9.83766547e-06  8.99910090e-01 -1.27228347e-05 
 9.86266547e-06  8.99910090e-01 -1.27146445e-05 
 9.88766547e-06  8.99910090e-01 -1.27228350e-05 
 9.91266547e-06  8.99910090e-01 -1.27146442e-05 
 9.93766547e-06  8.99910090e-01 -1.27228352e-05 
 9.96266547e-06  8.99910090e-01 -1.27146439e-05 
 9.98766547e-06  8.99910090e-01 -1.27228355e-05 
 1.00126655e-05  8.99910090e-01 -1.27146437e-05 
 1.00376655e-05  8.99910090e-01 -1.27228358e-05 
 1.00626655e-05  8.99910090e-01 -1.27146434e-05 
 1.00876655e-05  8.99910090e-01 -1.27228360e-05 
 1.01126655e-05  8.99910090e-01 -1.27146431e-05 
 1.01376655e-05  8.99910090e-01 -1.27228363e-05 
 1.01626655e-05  8.99910090e-01 -1.27146429e-05 
 1.01876655e-05  8.99910090e-01 -1.27228366e-05 
 1.02126655e-05  8.99910090e-01 -1.27146426e-05 
 1.02376655e-05  8.99910090e-01 -1.27228368e-05 
 1.02626655e-05  8.99910090e-01 -1.27146423e-05 
 1.02876655e-05  8.99910090e-01 -1.27228371e-05 
 1.03126655e-05  8.99910090e-01 -1.27146420e-05 
 1.03376655e-05  8.99910090e-01 -1.27228374e-05 
 1.03626655e-05  8.99910090e-01 -1.27146418e-05 
 1.03876655e-05  8.99910090e-01 -1.27228377e-05 
 1.04126655e-05  8.99910090e-01 -1.27146415e-05 
 1.04376655e-05  8.99910090e-01 -1.27228379e-05 
 1.04626655e-05  8.99910090e-01 -1.27146412e-05 
 1.04876655e-05  8.99910090e-01 -1.27228382e-05 
 1.05126655e-05  8.99910090e-01 -1.27146410e-05 
 1.05376655e-05  8.99910090e-01 -1.27228385e-05 
 1.05626655e-05  8.99910090e-01 -1.27146407e-05 
 1.05876655e-05  8.99910090e-01 -1.27228387e-05 
 1.06126655e-05  8.99910090e-01 -1.27146404e-05 
 1.06376655e-05  8.99910090e-01 -1.27228390e-05 
 1.06626655e-05  8.99910090e-01 -1.27146402e-05 
 1.06876655e-05  8.99910090e-01 -1.27228393e-05 
 1.07126655e-05  8.99910090e-01 -1.27146399e-05 
 1.07376655e-05  8.99910090e-01 -1.27228395e-05 
 1.07626655e-05  8.99910090e-01 -1.27146396e-05 
 1.07876655e-05  8.99910090e-01 -1.27228398e-05 
 1.08126655e-05  8.99910090e-01 -1.27146394e-05 
 1.08376655e-05  8.99910090e-01 -1.27228401e-05 
 1.08626655e-05  8.99910090e-01 -1.27146391e-05 
 1.08876655e-05  8.99910090e-01 -1.27228403e-05 
 1.09126655e-05  8.99910090e-01 -1.27146388e-05 
 1.09376655e-05  8.99910090e-01 -1.27228406e-05 
 1.09626655e-05  8.99910090e-01 -1.27146385e-05 
 1.09876655e-05  8.99910090e-01 -1.27228409e-05 
 1.10126655e-05  8.99910090e-01 -1.27146383e-05 
 1.10376655e-05  8.99910090e-01 -1.27228412e-05 
 1.10626655e-05  8.99910090e-01 -1.27146380e-05 
 1.10876655e-05  8.99910090e-01 -1.27228414e-05 
 1.11126655e-05  8.99910090e-01 -1.27146377e-05 
 1.11376655e-05  8.99910090e-01 -1.27228417e-05 
 1.11626655e-05  8.99910090e-01 -1.27146375e-05 
 1.11876655e-05  8.99910090e-01 -1.27228420e-05 
 1.12126655e-05  8.99910090e-01 -1.27146372e-05 
 1.12376655e-05  8.99910090e-01 -1.27228422e-05 
 1.12626655e-05  8.99910090e-01 -1.27146369e-05 
 1.12876655e-05  8.99910090e-01 -1.27228425e-05 
 1.13126655e-05  8.99910090e-01 -1.27146367e-05 
 1.13376655e-05  8.99910090e-01 -1.27228428e-05 
 1.13626655e-05  8.99910090e-01 -1.27146364e-05 
 1.13876655e-05  8.99910090e-01 -1.27228430e-05 
 1.14126655e-05  8.99910090e-01 -1.27146361e-05 
 1.14376655e-05  8.99910090e-01 -1.27228433e-05 
 1.14626655e-05  8.99910090e-01 -1.27146359e-05 
 1.14876655e-05  8.99910090e-01 -1.27228436e-05 
 1.15126655e-05  8.99910090e-01 -1.27146356e-05 
 1.15376655e-05  8.99910090e-01 -1.27228438e-05 
 1.15626655e-05  8.99910090e-01 -1.27146353e-05 
 1.15876655e-05  8.99910090e-01 -1.27228441e-05 
 1.16126655e-05  8.99910090e-01 -1.27146351e-05 
 1.16376655e-05  8.99910090e-01 -1.27228444e-05 
 1.16626655e-05  8.99910090e-01 -1.27146348e-05 
 1.16876655e-05  8.99910090e-01 -1.27228447e-05 
 1.17126655e-05  8.99910090e-01 -1.27146345e-05 
 1.17376655e-05  8.99910090e-01 -1.27228449e-05 
 1.17626655e-05  8.99910090e-01 -1.27146342e-05 
 1.17876655e-05  8.99910090e-01 -1.27228452e-05 
 1.18126655e-05  8.99910090e-01 -1.27146340e-05 
 1.18376655e-05  8.99910090e-01 -1.27228455e-05 
 1.18626655e-05  8.99910090e-01 -1.27146337e-05 
 1.18876655e-05  8.99910090e-01 -1.27228457e-05 
 1.19126655e-05  8.99910090e-01 -1.27146334e-05 
 1.19376655e-05  8.99910090e-01 -1.27228460e-05 
 1.19626655e-05  8.99910090e-01 -1.27146332e-05 
 1.19813327e-05  8.99910090e-01 -1.27228463e-05 
 1.20000000e-05  8.99910090e-01 -1.27146328e-05 
 1.20000099e-05  8.99909473e-01 -2.38938156e-05 
 1.20000297e-05  8.99907269e-01 -2.69372606e-05 
 1.20000334e-05  8.99906665e-01 -2.60422895e-05 
 1.20000369e-05  8.99906039e-01 -2.57175794e-05 
 1.20000417e-05  8.99905142e-01 -2.56441784e-05 
 1.20000503e-05  8.99903351e-01 -2.57458939e-05 
 1.20000676e-05  8.99899125e-01 -2.60483684e-05 
 1.20000988e-05  8.99889276e-01 -2.64501078e-05 
 1.20001461e-05  8.99869316e-01 -2.69093690e-05 
 1.20002157e-05  8.99831471e-01 -2.74389741e-05 
 1.20002954e-05  8.99781122e-01 -2.80333951e-05 
 1.20003847e-05  8.99723289e-01 -2.87078427e-05 
 1.20004839e-05  8.99664750e-01 -2.95196730e-05 
 1.20005887e-05  8.99615054e-01 -3.03963032e-05 
 1.20007166e-05  8.99573088e-01 -3.15184992e-05 
 1.20008583e-05  8.99542302e-01 -3.27560889e-05 
 1.20010000e-05  8.99506437e-01 -3.40101156e-05 
 1.20010001e-05  8.99506401e-01 -2.88550362e-05 
 1.20010003e-05  8.99506329e-01 -2.87902850e-05 
 1.20010008e-05  8.99506187e-01 -2.77212414e-05 
 1.20010016e-05  8.99505934e-01 -2.63261327e-05 
 1.20010032e-05  8.99505438e-01 -2.43204174e-05 
 1.20010064e-05  8.99504493e-01 -2.20639075e-05 
 1.20010096e-05  8.99503614e-01 -2.12072206e-05 
 1.20010130e-05  8.99502729e-01 -2.09408565e-05 
 1.20010163e-05  8.99501895e-01 -2.09474483e-05 
 1.20010204e-05  8.99500947e-01 -2.10258098e-05 
 1.20010246e-05  8.99499992e-01 -2.11236805e-05 
 1.20010297e-05  8.99498894e-01 -2.11686772e-05 
 1.20010352e-05  8.99497723e-01 -2.11883990e-05 
 1.20010420e-05  8.99496340e-01 -2.11334873e-05 
 1.20010499e-05  8.99494766e-01 -2.10681769e-05 
 1.20010600e-05  8.99492809e-01 -2.09402435e-05 
 1.20010727e-05  8.99490327e-01 -2.08231471e-05 
 1.20010903e-05  8.99486784e-01 -2.06579378e-05 
 1.20011167e-05  8.99480758e-01 -2.05143125e-05 
 1.20011616e-05  8.99466438e-01 -2.03286556e-05 
 1.20012456e-05  8.99414974e-01 -2.01613734e-05 
 1.20013524e-05  8.99283503e-01 -1.99538846e-05 
 1.20014974e-05  8.98959455e-01 -1.96826588e-05 
 1.20016470e-05  8.98442708e-01 -1.93638109e-05 
 1.20018315e-05  8.97566109e-01 -1.90493389e-05 
 1.20020252e-05  8.96397589e-01 -1.87447085e-05 
 1.20022644e-05  8.94664079e-01 -1.84799508e-05 
 1.20025224e-05  8.92500808e-01 -1.82262939e-05 
 1.20028384e-05  8.89528108e-01 -1.80171397e-05 
 1.20031857e-05  8.85942375e-01 -1.78045606e-05 
 1.20036093e-05  8.81235306e-01 -1.76295694e-05 
 1.20040837e-05  8.75648797e-01 -1.74360119e-05 
 1.20046621e-05  8.68531639e-01 -1.72707692e-05 
 1.20053216e-05  8.60161344e-01 -1.70742673e-05 
 1.20061286e-05  8.49736140e-01 -1.68966564e-05 
 1.20070662e-05  8.37570425e-01 -1.66771137e-05 
 1.20082227e-05  8.22730545e-01 -1.64672705e-05 
 1.20095967e-05  8.05601784e-01 -1.62057616e-05 
 1.20113194e-05  7.85209838e-01 -1.59443273e-05 
 1.20134303e-05  7.62183485e-01 -1.56213515e-05 
 1.20161494e-05  7.35977216e-01 -1.52895658e-05 
 1.20194156e-05  7.09640545e-01 -1.49110873e-05 
 1.20227732e-05  6.88009725e-01 -1.46102936e-05 
 1.20263701e-05  6.70147090e-01 -1.43047332e-05 
 1.20300697e-05  6.56484184e-01 -1.40710054e-05 
 1.20341486e-05  6.45717716e-01 -1.38238276e-05 
 1.20385690e-05  6.37817527e-01 -1.36354575e-05 
 1.20436856e-05  6.32054951e-01 -1.34282386e-05 
 1.20496130e-05  6.28278437e-01 -1.32740494e-05 
 1.20570545e-05  6.25941030e-01 -1.31006079e-05 
 1.20651250e-05  6.24641285e-01 -1.30018847e-05 
 1.20731247e-05  6.23324167e-01 -1.29121481e-05 
 1.20813803e-05  6.21038400e-01 -1.28849558e-05 
 1.20900777e-05  6.17019609e-01 -1.28468088e-05 
 1.20996221e-05  6.10379200e-01 -1.28595034e-05 
 1.21103076e-05  6.00230431e-01 -1.28522032e-05 
 1.21228898e-05  5.85294061e-01 -1.28869754e-05 
 1.21355767e-05  5.68101646e-01 -1.28875599e-05 
 1.21508236e-05  5.46301371e-01 -1.29180395e-05 
 1.21686830e-05  5.20825510e-01 -1.29076047e-05 
 1.21868339e-05  4.95803659e-01 -1.29238383e-05 
 1.22035673e-05  4.73525202e-01 -1.29044491e-05 
 1.22223535e-05  4.49082718e-01 -1.29181043e-05 
 1.22473535e-05  4.17096274e-01 -1.28973956e-05 
 1.22723535e-05  3.85794703e-01 -1.29078163e-05 
 1.22973535e-05  3.55802673e-01 -1.28791123e-05 
 1.23223535e-05  3.28209951e-01 -1.28761971e-05 
 1.23473535e-05  3.04516476e-01 -1.28346814e-05 
 1.23645402e-05  2.91386651e-01 -1.28355018e-05 
 1.23777800e-05  2.83464879e-01 -1.28096464e-05 
 1.23952146e-05  2.75900193e-01 -1.28194777e-05 
 1.24111487e-05  2.71082989e-01 -1.28005959e-05 
 1.24271666e-05  2.67011774e-01 -1.28184654e-05 
 1.24439091e-05  2.62497986e-01 -1.28055749e-05 
 1.24620688e-05  2.56942145e-01 -1.28273525e-05 
 1.24788844e-05  2.51591286e-01 -1.28137545e-05 
 1.25001246e-05  2.45499873e-01 -1.28309136e-05 
 1.25219303e-05  2.40456662e-01 -1.28119537e-05 
 1.25459545e-05  2.35981223e-01 -1.28261769e-05 
 1.25709545e-05  2.31861605e-01 -1.28083423e-05 
 1.25959545e-05  2.28010654e-01 -1.28249274e-05 
 1.26209545e-05  2.24546001e-01 -1.28078002e-05 
 1.26459545e-05  2.21581787e-01 -1.28236738e-05 
 1.26709545e-05  2.19047717e-01 -1.28060632e-05 
 1.26959545e-05  2.16811981e-01 -1.28222138e-05 
 1.27209545e-05  2.14809654e-01 -1.28050840e-05 
 1.27459545e-05  2.13036412e-01 -1.28214272e-05 
 1.27709545e-05  2.11486665e-01 -1.28042684e-05 
 1.27959545e-05  2.10131377e-01 -1.28206105e-05 
 1.28209545e-05  2.08936448e-01 -1.28035554e-05 
 1.28459545e-05  2.07879266e-01 -1.28200205e-05 
 1.28709545e-05  2.06946737e-01 -1.28030427e-05 
 1.28959545e-05  2.06126850e-01 -1.28195486e-05 
 1.29209545e-05  2.05405844e-01 -1.28026122e-05 
 1.29459545e-05  2.04770555e-01 -1.28191679e-05 
 1.29709545e-05  2.04210344e-01 -1.28022810e-05 
 1.29959545e-05  2.03716710e-01 -1.28188755e-05 
 1.30209545e-05  2.03282090e-01 -1.28020205e-05 
 1.30459545e-05  2.02899422e-01 -1.28186429e-05 
 1.30709545e-05  2.02562343e-01 -1.28018155e-05 
 1.30959545e-05  2.02265373e-01 -1.28184618e-05 
 1.31209545e-05  2.02003786e-01 -1.28016562e-05 
 1.31459545e-05  2.01773415e-01 -1.28183203e-05 
 1.31709545e-05  2.01570535e-01 -1.28015315e-05 
 1.31959545e-05  2.01391852e-01 -1.28182098e-05 
 1.32209545e-05  2.01234472e-01 -1.28014345e-05 
 1.32459545e-05  2.01095865e-01 -1.28181237e-05 
 1.32709545e-05  2.00973796e-01 -1.28013591e-05 
 1.32959545e-05  2.00866295e-01 -1.28180567e-05 
 1.33209545e-05  2.00771621e-01 -1.28013005e-05 
 1.33459545e-05  2.00688244e-01 -1.28180045e-05 
 1.33709545e-05  2.00614815e-01 -1.28012551e-05 
 1.33959545e-05  2.00550151e-01 -1.28179639e-05 
 1.34209545e-05  2.00493204e-01 -1.28012198e-05 
 1.34459545e-05  2.00443055e-01 -1.28179323e-05 
 1.34709545e-05  2.00398891e-01 -1.28011925e-05 
 1.34959545e-05  2.00359999e-01 -1.28179076e-05 
 1.35209545e-05  2.00325748e-01 -1.28011713e-05 
 1.35459545e-05  2.00295587e-01 -1.28178885e-05 
 1.35709545e-05  2.00269026e-01 -1.28011550e-05 
 1.35959545e-05  2.00245636e-01 -1.28178735e-05 
 1.36209545e-05  2.00225038e-01 -1.28011424e-05 
 1.36459545e-05  2.00206899e-01 -1.28178619e-05 
 1.36709545e-05  2.00190925e-01 -1.28011326e-05 
 1.36959545e-05  2.00176859e-01 -1.28178528e-05 
 1.37209545e-05  2.00164471e-01 -1.28011251e-05 
 1.37459545e-05  2.00153563e-01 -1.28178457e-05 
 1.37709545e-05  2.00143957e-01 -1.28011194e-05 
 1.37959545e-05  2.00135498e-01 -1.28178401e-05 
 1.38209545e-05  2.00128048e-01 -1.28011150e-05 
 1.38459545e-05  2.00121489e-01 -1.28178357e-05 
 1.38709545e-05  2.00115712e-01 -1.28011117e-05 
 1.38959545e-05  2.00110625e-01 -1.28178322e-05 
 1.39209545e-05  2.00106145e-01 -1.28011091e-05 
 1.39459545e-05  2.00102200e-01 -1.28178294e-05 
 1.39709545e-05  2.00098726e-01 -1.28011073e-05 
 1.39959545e-05  2.00095667e-01 -1.28178272e-05 
 1.40209545e-05  2.00092973e-01 -1.28011058e-05 
 1.40459545e-05  2.00090601e-01 -1.28178255e-05 
 1.40709545e-05  2.00088512e-01 -1.28011048e-05 
 1.40959545e-05  2.00086672e-01 -1.28178240e-05 
 1.41209545e-05  2.00085052e-01 -1.28011041e-05 
 1.41459545e-05  2.00083626e-01 -1.28178228e-05 
 1.41709545e-05  2.00082369e-01 -1.28011036e-05 
 1.41959545e-05  2.00081263e-01 -1.28178219e-05 
 1.42209545e-05  2.00080289e-01 -1.28011033e-05 
 1.42459545e-05  2.00079431e-01 -1.28178210e-05 
 1.42709545e-05  2.00078675e-01 -1.28011031e-05 
 1.42959545e-05  2.00078010e-01 -1.28178203e-05 
 1.43209545e-05  2.00077424e-01 -1.28011030e-05 
 1.43459545e-05  2.00076909e-01 -1.28178197e-05 
 1.43709545e-05  2.00076454e-01 -1.28011030e-05 
 1.43959545e-05  2.00076054e-01 -1.28178192e-05 
 1.44209545e-05  2.00075702e-01 -1.28011030e-05 
 1.44459545e-05  2.00075392e-01 -1.28178187e-05 
 1.44709545e-05  2.00075118e-01 -1.28011031e-05 
 1.44959545e-05  2.00074878e-01 -1.28178183e-05 
 1.45209545e-05  2.00074666e-01 -1.28011033e-05 
 1.45459545e-05  2.00074479e-01 -1.28178179e-05 
 1.45709545e-05  2.00074315e-01 -1.28011035e-05 
 1.45959545e-05  2.00074171e-01 -1.28178175e-05 
 1.46209545e-05  2.00074043e-01 -1.28011037e-05 
 1.46459545e-05  2.00073931e-01 -1.28178172e-05 
 1.46709545e-05  2.00073832e-01 -1.28011039e-05 
 1.46959545e-05  2.00073745e-01 -1.28178168e-05 
 1.47209545e-05  2.00073668e-01 -1.28011041e-05 
 1.47459545e-05  2.00073601e-01 -1.28178165e-05 
 1.47709545e-05  2.00073542e-01 -1.28011043e-05 
 1.47959545e-05  2.00073489e-01 -1.28178162e-05 
 1.48209545e-05  2.00073443e-01 -1.28011046e-05 
 1.48459545e-05  2.00073403e-01 -1.28178159e-05 
 1.48709545e-05  2.00073367e-01 -1.28011048e-05 
 1.48959545e-05  2.00073336e-01 -1.28178156e-05 
 1.49209545e-05  2.00073308e-01 -1.28011051e-05 
 1.49459545e-05  2.00073283e-01 -1.28178153e-05 
 1.49709545e-05  2.00073262e-01 -1.28011054e-05 
 1.49959545e-05  2.00073243e-01 -1.28178150e-05 
 1.50209545e-05  2.00073226e-01 -1.28011056e-05 
 1.50459545e-05  2.00073212e-01 -1.28178148e-05 
 1.50709545e-05  2.00073199e-01 -1.28011059e-05 
 1.50959545e-05  2.00073187e-01 -1.28178145e-05 
 1.51209545e-05  2.00073177e-01 -1.28011062e-05 
 1.51459545e-05  2.00073169e-01 -1.28178142e-05 
 1.51709545e-05  2.00073161e-01 -1.28011064e-05 
 1.51959545e-05  2.00073154e-01 -1.28178139e-05 
 1.52209545e-05  2.00073148e-01 -1.28011067e-05 
 1.52459545e-05  2.00073143e-01 -1.28178137e-05 
 1.52709545e-05  2.00073138e-01 -1.28011069e-05 
 1.52959545e-05  2.00073134e-01 -1.28178134e-05 
 1.53209545e-05  2.00073130e-01 -1.28011072e-05 
 1.53459545e-05  2.00073127e-01 -1.28178131e-05 
 1.53709545e-05  2.00073124e-01 -1.28011075e-05 
 1.53959545e-05  2.00073122e-01 -1.28178129e-05 
 1.54209545e-05  2.00073119e-01 -1.28011077e-05 
 1.54459545e-05  2.00073118e-01 -1.28178126e-05 
 1.54709545e-05  2.00073116e-01 -1.28011080e-05 
 1.54959545e-05  2.00073114e-01 -1.28178123e-05 
 1.55209545e-05  2.00073113e-01 -1.28011083e-05 
 1.55459545e-05  2.00073112e-01 -1.28178121e-05 
 1.55709545e-05  2.00073111e-01 -1.28011085e-05 
 1.55959545e-05  2.00073110e-01 -1.28178118e-05 
 1.56209545e-05  2.00073109e-01 -1.28011088e-05 
 1.56459545e-05  2.00073109e-01 -1.28178115e-05 
 1.56709545e-05  2.00073108e-01 -1.28011091e-05 
 1.56959545e-05  2.00073107e-01 -1.28178113e-05 
 1.57209545e-05  2.00073107e-01 -1.28011093e-05 
 1.57459545e-05  2.00073107e-01 -1.28178110e-05 
 1.57709545e-05  2.00073106e-01 -1.28011096e-05 
 1.57959545e-05  2.00073106e-01 -1.28178108e-05 
 1.58209545e-05  2.00073106e-01 -1.28011098e-05 
 1.58459545e-05  2.00073105e-01 -1.28178105e-05 
 1.58709545e-05  2.00073105e-01 -1.28011101e-05 
 1.58959545e-05  2.00073105e-01 -1.28178102e-05 
 1.59209545e-05  2.00073105e-01 -1.28011103e-05 
 1.59459545e-05  2.00073105e-01 -1.28178100e-05 
 1.59709545e-05  2.00073104e-01 -1.28011106e-05 
 1.59959545e-05  2.00073104e-01 -1.28178097e-05 
 1.60209545e-05  2.00073104e-01 -1.28011108e-05 
 1.60459545e-05  2.00073104e-01 -1.28178095e-05 
 1.60709545e-05  2.00073104e-01 -1.28011111e-05 
 1.60959545e-05  2.00073104e-01 -1.28178092e-05 
 1.61209545e-05  2.00073104e-01 -1.28011114e-05 
 1.61459545e-05  2.00073104e-01 -1.28178090e-05 
 1.61709545e-05  2.00073104e-01 -1.28011116e-05 
 1.61959545e-05  2.00073104e-01 -1.28178087e-05 
 1.62209545e-05  2.00073104e-01 -1.28011119e-05 
 1.62459545e-05  2.00073104e-01 -1.28178085e-05 
 1.62709545e-05  2.00073104e-01 -1.28011121e-05 
 1.62959545e-05  2.00073104e-01 -1.28178082e-05 
 1.63209545e-05  2.00073104e-01 -1.28011123e-05 
 1.63459545e-05  2.00073104e-01 -1.28178080e-05 
 1.63709545e-05  2.00073104e-01 -1.28011126e-05 
 1.63959545e-05  2.00073104e-01 -1.28178077e-05 
 1.64209545e-05  2.00073104e-01 -1.28011128e-05 
 1.64459545e-05  2.00073104e-01 -1.28178075e-05 
 1.64709545e-05  2.00073104e-01 -1.28011131e-05 
 1.64959545e-05  2.00073104e-01 -1.28178072e-05 
 1.65209545e-05  2.00073103e-01 -1.28011133e-05 
 1.65459545e-05  2.00073104e-01 -1.28178070e-05 
 1.65709545e-05  2.00073103e-01 -1.28011136e-05 
 1.65959545e-05  2.00073103e-01 -1.28178068e-05 
 1.66209545e-05  2.00073103e-01 -1.28011138e-05 
 1.66459545e-05  2.00073103e-01 -1.28178065e-05 
 1.66709545e-05  2.00073103e-01 -1.28011141e-05 
 1.66959545e-05  2.00073103e-01 -1.28178063e-05 
 1.67209545e-05  2.00073103e-01 -1.28011143e-05 
 1.67459545e-05  2.00073103e-01 -1.28178060e-05 
 1.67709545e-05  2.00073103e-01 -1.28011145e-05 
 1.67959545e-05  2.00073103e-01 -1.28178058e-05 
 1.68209545e-05  2.00073103e-01 -1.28011148e-05 
 1.68459545e-05  2.00073103e-01 -1.28178056e-05 
 1.68709545e-05  2.00073103e-01 -1.28011150e-05 
 1.68959545e-05  2.00073103e-01 -1.28178053e-05 
 1.69209545e-05  2.00073103e-01 -1.28011152e-05 
 1.69459545e-05  2.00073103e-01 -1.28178051e-05 
 1.69709545e-05  2.00073103e-01 -1.28011155e-05 
 1.69959545e-05  2.00073103e-01 -1.28178049e-05 
 1.70209545e-05  2.00073103e-01 -1.28011157e-05 
 1.70459545e-05  2.00073103e-01 -1.28178046e-05 
 1.70709545e-05  2.00073103e-01 -1.28011159e-05 
 1.70959545e-05  2.00073103e-01 -1.28178044e-05 
 1.71209545e-05  2.00073103e-01 -1.28011162e-05 
 1.71459545e-05  2.00073103e-01 -1.28178042e-05 
 1.71709545e-05  2.00073103e-01 -1.28011164e-05 
 1.71959545e-05  2.00073103e-01 -1.28178039e-05 
 1.72209545e-05  2.00073103e-01 -1.28011166e-05 
 1.72459545e-05  2.00073103e-01 -1.28178037e-05 
 1.72709545e-05  2.00073103e-01 -1.28011169e-05 
 1.72959545e-05  2.00073103e-01 -1.28178035e-05 
 1.73209545e-05  2.00073103e-01 -1.28011171e-05 
 1.73459545e-05  2.00073103e-01 -1.28178032e-05 
 1.73709545e-05  2.00073103e-01 -1.28011173e-05 
 1.73959545e-05  2.00073103e-01 -1.28178030e-05 
 1.74209545e-05  2.00073103e-01 -1.28011176e-05 
 1.74459545e-05  2.00073103e-01 -1.28178028e-05 
 1.74709545e-05  2.00073103e-01 -1.28011178e-05 
 1.74959545e-05  2.00073103e-01 -1.28178026e-05 
 1.75209545e-05  2.00073103e-01 -1.28011180e-05 
 1.75459545e-05  2.00073103e-01 -1.28178023e-05 
 1.75709545e-05  2.00073103e-01 -1.28011182e-05 
 1.75959545e-05  2.00073103e-01 -1.28178021e-05 
 1.76209545e-05  2.00073103e-01 -1.28011184e-05 
 1.76459545e-05  2.00073103e-01 -1.28178019e-05 
 1.76709545e-05  2.00073103e-01 -1.28011187e-05 
 1.76959545e-05  2.00073103e-01 -1.28178017e-05 
 1.77209545e-05  2.00073103e-01 -1.28011189e-05 
 1.77459545e-05  2.00073103e-01 -1.28178014e-05 
 1.77709545e-05  2.00073103e-01 -1.28011191e-05 
 1.77959545e-05  2.00073103e-01 -1.28178012e-05 
 1.78209545e-05  2.00073103e-01 -1.28011193e-05 
 1.78459545e-05  2.00073103e-01 -1.28178010e-05 
 1.78709545e-05  2.00073103e-01 -1.28011196e-05 
 1.78959545e-05  2.00073103e-01 -1.28178008e-05 
 1.79209545e-05  2.00073103e-01 -1.28011198e-05 
 1.79459545e-05  2.00073103e-01 -1.28178006e-05 
 1.79709545e-05  2.00073103e-01 -1.28011200e-05 
 1.79959545e-05  2.00073103e-01 -1.28178004e-05 
 1.80209545e-05  2.00073103e-01 -1.28011202e-05 
 1.80459545e-05  2.00073103e-01 -1.28178001e-05 
 1.80709545e-05  2.00073103e-01 -1.28011204e-05 
 1.80959545e-05  2.00073103e-01 -1.28177999e-05 
 1.81209545e-05  2.00073103e-01 -1.28011206e-05 
 1.81459545e-05  2.00073103e-01 -1.28177997e-05 
 1.81709545e-05  2.00073103e-01 -1.28011208e-05 
 1.81959545e-05  2.00073103e-01 -1.28177995e-05 
 1.82209545e-05  2.00073103e-01 -1.28011211e-05 
 1.82459545e-05  2.00073103e-01 -1.28177993e-05 
 1.82709545e-05  2.00073103e-01 -1.28011213e-05 
 1.82959545e-05  2.00073103e-01 -1.28177991e-05 
 1.83209545e-05  2.00073103e-01 -1.28011215e-05 
 1.83459545e-05  2.00073103e-01 -1.28177989e-05 
 1.83709545e-05  2.00073103e-01 -1.28011217e-05 
 1.83959545e-05  2.00073103e-01 -1.28177987e-05 
 1.84209545e-05  2.00073103e-01 -1.28011219e-05 
 1.84459545e-05  2.00073103e-01 -1.28177985e-05 
 1.84709545e-05  2.00073103e-01 -1.28011221e-05 
 1.84959545e-05  2.00073103e-01 -1.28177982e-05 
 1.85209545e-05  2.00073103e-01 -1.28011223e-05 
 1.85459545e-05  2.00073103e-01 -1.28177980e-05 
 1.85709545e-05  2.00073103e-01 -1.28011225e-05 
 1.85959545e-05  2.00073103e-01 -1.28177978e-05 
 1.86209545e-05  2.00073103e-01 -1.28011227e-05 
 1.86459545e-05  2.00073103e-01 -1.28177976e-05 
 1.86709545e-05  2.00073103e-01 -1.28011229e-05 
 1.86959545e-05  2.00073103e-01 -1.28177974e-05 
 1.87209545e-05  2.00073103e-01 -1.28011231e-05 
 1.87459545e-05  2.00073103e-01 -1.28177972e-05 
 1.87709545e-05  2.00073103e-01 -1.28011233e-05 
 1.87959545e-05  2.00073103e-01 -1.28177970e-05 
 1.88209545e-05  2.00073103e-01 -1.28011235e-05 
 1.88459545e-05  2.00073103e-01 -1.28177968e-05 
 1.88709545e-05  2.00073103e-01 -1.28011237e-05 
 1.88959545e-05  2.00073103e-01 -1.28177966e-05 
 1.89209545e-05  2.00073103e-01 -1.28011239e-05 
 1.89459545e-05  2.00073103e-01 -1.28177964e-05 
 1.89709545e-05  2.00073103e-01 -1.28011241e-05 
 1.89959545e-05  2.00073103e-01 -1.28177962e-05 
 1.90209545e-05  2.00073103e-01 -1.28011243e-05 
 1.90459545e-05  2.00073103e-01 -1.28177960e-05 
 1.90709545e-05  2.00073103e-01 -1.28011245e-05 
 1.90959545e-05  2.00073103e-01 -1.28177958e-05 
 1.91209545e-05  2.00073103e-01 -1.28011247e-05 
 1.91459545e-05  2.00073103e-01 -1.28177956e-05 
 1.91709545e-05  2.00073103e-01 -1.28011249e-05 
 1.91959545e-05  2.00073103e-01 -1.28177954e-05 
 1.92209545e-05  2.00073103e-01 -1.28011251e-05 
 1.92459545e-05  2.00073103e-01 -1.28177952e-05 
 1.92709545e-05  2.00073103e-01 -1.28011253e-05 
 1.92959545e-05  2.00073103e-01 -1.28177951e-05 
 1.93209545e-05  2.00073103e-01 -1.28011255e-05 
 1.93459545e-05  2.00073103e-01 -1.28177949e-05 
 1.93709545e-05  2.00073103e-01 -1.28011257e-05 
 1.93959545e-05  2.00073103e-01 -1.28177947e-05 
 1.94209545e-05  2.00073103e-01 -1.28011259e-05 
 1.94459545e-05  2.00073103e-01 -1.28177945e-05 
 1.94709545e-05  2.00073103e-01 -1.28011261e-05 
 1.94959545e-05  2.00073103e-01 -1.28177943e-05 
 1.95209545e-05  2.00073103e-01 -1.28011263e-05 
 1.95459545e-05  2.00073103e-01 -1.28177941e-05 
 1.95709545e-05  2.00073103e-01 -1.28011264e-05 
 1.95959545e-05  2.00073103e-01 -1.28177939e-05 
 1.96209545e-05  2.00073103e-01 -1.28011266e-05 
 1.96459545e-05  2.00073103e-01 -1.28177937e-05 
 1.96709545e-05  2.00073103e-01 -1.28011268e-05 
 1.96959545e-05  2.00073103e-01 -1.28177935e-05 
 1.97209545e-05  2.00073103e-01 -1.28011270e-05 
 1.97459545e-05  2.00073103e-01 -1.28177934e-05 
 1.97709545e-05  2.00073103e-01 -1.28011272e-05 
 1.97959545e-05  2.00073103e-01 -1.28177932e-05 
 1.98209545e-05  2.00073103e-01 -1.28011274e-05 
 1.98459545e-05  2.00073103e-01 -1.28177930e-05 
 1.98709545e-05  2.00073103e-01 -1.28011276e-05 
 1.98959545e-05  2.00073103e-01 -1.28177928e-05 
 1.99209545e-05  2.00073103e-01 -1.28011277e-05 
 1.99459545e-05  2.00073103e-01 -1.28177926e-05 
 1.99709545e-05  2.00073103e-01 -1.28011279e-05 
 1.99959545e-05  2.00073103e-01 -1.28177924e-05 
 2.00209545e-05  2.00073103e-01 -1.28011281e-05 
 2.00459545e-05  2.00073103e-01 -1.28177923e-05 
 2.00709545e-05  2.00073103e-01 -1.28011283e-05 
 2.00959545e-05  2.00073103e-01 -1.28177921e-05 
 2.01209545e-05  2.00073103e-01 -1.28011285e-05 
 2.01459545e-05  2.00073103e-01 -1.28177919e-05 
 2.01709545e-05  2.00073103e-01 -1.28011286e-05 
 2.01959545e-05  2.00073103e-01 -1.28177917e-05 
 2.02209545e-05  2.00073103e-01 -1.28011288e-05 
 2.02459545e-05  2.00073103e-01 -1.28177915e-05 
 2.02709545e-05  2.00073103e-01 -1.28011290e-05 
 2.02959545e-05  2.00073103e-01 -1.28177914e-05 
 2.03209545e-05  2.00073103e-01 -1.28011292e-05 
 2.03459545e-05  2.00073103e-01 -1.28177912e-05 
 2.03709545e-05  2.00073103e-01 -1.28011293e-05 
 2.03959545e-05  2.00073103e-01 -1.28177910e-05 
 2.04209545e-05  2.00073103e-01 -1.28011295e-05 
 2.04459545e-05  2.00073103e-01 -1.28177908e-05 
 2.04709545e-05  2.00073103e-01 -1.28011297e-05 
 2.04959545e-05  2.00073103e-01 -1.28177907e-05 
 2.05209545e-05  2.00073103e-01 -1.28011299e-05 
 2.05459545e-05  2.00073103e-01 -1.28177905e-05 
 2.05709545e-05  2.00073103e-01 -1.28011300e-05 
 2.05959545e-05  2.00073103e-01 -1.28177903e-05 
 2.06209545e-05  2.00073103e-01 -1.28011302e-05 
 2.06459545e-05  2.00073103e-01 -1.28177902e-05 
 2.06709545e-05  2.00073103e-01 -1.28011304e-05 
 2.06959545e-05  2.00073103e-01 -1.28177900e-05 
 2.07209545e-05  2.00073103e-01 -1.28011306e-05 
 2.07459545e-05  2.00073103e-01 -1.28177898e-05 
 2.07709545e-05  2.00073103e-01 -1.28011307e-05 
 2.07959545e-05  2.00073103e-01 -1.28177896e-05 
 2.08209545e-05  2.00073103e-01 -1.28011309e-05 
 2.08459545e-05  2.00073103e-01 -1.28177895e-05 
 2.08709545e-05  2.00073103e-01 -1.28011311e-05 
 2.08959545e-05  2.00073103e-01 -1.28177893e-05 
 2.09209545e-05  2.00073103e-01 -1.28011312e-05 
 2.09459545e-05  2.00073103e-01 -1.28177891e-05 
 2.09709545e-05  2.00073103e-01 -1.28011314e-05 
 2.09959545e-05  2.00073103e-01 -1.28177890e-05 
 2.10209545e-05  2.00073103e-01 -1.28011316e-05 
 2.10459545e-05  2.00073103e-01 -1.28177888e-05 
 2.10709545e-05  2.00073103e-01 -1.28011317e-05 
 2.10959545e-05  2.00073103e-01 -1.28177886e-05 
 2.11209545e-05  2.00073103e-01 -1.28011319e-05 
 2.11459545e-05  2.00073103e-01 -1.28177885e-05 
 2.11709545e-05  2.00073103e-01 -1.28011320e-05 
 2.11959545e-05  2.00073103e-01 -1.28177883e-05 
 2.12209545e-05  2.00073103e-01 -1.28011322e-05 
 2.12459545e-05  2.00073103e-01 -1.28177882e-05 
 2.12709545e-05  2.00073103e-01 -1.28011324e-05 
 2.12959545e-05  2.00073103e-01 -1.28177880e-05 
 2.13209545e-05  2.00073103e-01 -1.28011325e-05 
 2.13459545e-05  2.00073103e-01 -1.28177878e-05 
 2.13709545e-05  2.00073103e-01 -1.28011327e-05 
 2.13959545e-05  2.00073103e-01 -1.28177877e-05 
 2.14209545e-05  2.00073103e-01 -1.28011329e-05 
 2.14459545e-05  2.00073103e-01 -1.28177875e-05 
 2.14709545e-05  2.00073103e-01 -1.28011330e-05 
 2.14959545e-05  2.00073103e-01 -1.28177874e-05 
 2.15209545e-05  2.00073103e-01 -1.28011332e-05 
 2.15459545e-05  2.00073103e-01 -1.28177872e-05 
 2.15709545e-05  2.00073103e-01 -1.28011333e-05 
 2.15959545e-05  2.00073103e-01 -1.28177871e-05 
 2.16209545e-05  2.00073103e-01 -1.28011335e-05 
 2.16459545e-05  2.00073103e-01 -1.28177869e-05 
 2.16709545e-05  2.00073103e-01 -1.28011336e-05 
 2.16959545e-05  2.00073103e-01 -1.28177867e-05 
 2.17209545e-05  2.00073103e-01 -1.28011338e-05 
 2.17459545e-05  2.00073103e-01 -1.28177866e-05 
 2.17709545e-05  2.00073103e-01 -1.28011339e-05 
 2.17959545e-05  2.00073103e-01 -1.28177864e-05 
 2.18209545e-05  2.00073103e-01 -1.28011341e-05 
 2.18459545e-05  2.00073103e-01 -1.28177863e-05 
 2.18709545e-05  2.00073103e-01 -1.28011342e-05 
 2.18959545e-05  2.00073103e-01 -1.28177861e-05 
 2.19209545e-05  2.00073103e-01 -1.28011344e-05 
 2.19459545e-05  2.00073103e-01 -1.28177860e-05 
 2.19709545e-05  2.00073103e-01 -1.28011345e-05 
 2.19854772e-05  2.00073103e-01 -1.28177858e-05 
 2.20000000e-05  2.00073103e-01 -1.28011348e-05 
